Date,USDSGD,CNYSGD,EURSGD,MYRSGD,JPYSGD,REF_RATE,TARGET_RATE,USDSGD_RET,CNYSGD_RET,EURSGD_RET,MYRSGD_RET,JPYSGD_RET,IR_DIFF_LAGGED
2010-01-04,1.3969999551773071,0.2049318606680505,1.7891543487670845,0.4189659251765777,0.015103518176055519,0.12,0.0,-0.442831605855035,0.0,0.0,0.6369714869621047,0.015595344021086975,-0.05
2010-01-05,1.3968000411987305,0.20489952459677463,1.7891543487670845,0.4116225791826305,0.015251406400194465,0.12,0.0,-0.014311259157929829,-0.015780183024332428,0.0,-1.7682732898280433,0.9744013290453349,-0.12
2010-01-06,1.3933000564575195,0.20434713981267655,1.7891543487670845,0.4123531431469671,0.015086188380844532,0.12,0.0,-0.25088609401537876,-0.26995216703843233,0.0,0.17732662164065066,-1.0892073281150838,-0.12
2010-01-07,1.3974000215530396,0.20496347976281656,1.7891543487670845,0.4150405521901525,0.014963058471846724,0.1,0.0,0.29383079017569186,0.30116023699386424,0.0,0.6496105805276106,-0.8195253527656194,-0.12
2010-01-08,1.3945000171661377,0.20454712046315768,1.7891543487670845,0.41472120057742323,0.015049643449737722,0.11,0.0,-0.20774421645916125,-0.20334489163241223,0.0,-0.07697429471344926,0.5769904911011136,-0.1
2010-01-11,1.3880000114440918,0.2036235565734237,1.7891543487670845,0.41564352560486556,0.015071884291883069,0.11,0.0,-0.4672070065658107,-0.4525388607473746,0.0,0.22214946701601423,0.1476740912875342,-0.11
2010-01-12,1.3911999464035034,0.20409001230181972,1.7891543487670845,0.4150481531683018,0.01527448307460573,0.11,0.0,0.23027752029284373,0.22881550555186067,0.0,-0.14334380702787705,1.3352622435560846,-0.11
2010-01-13,1.3875000476837158,0.20354125451371746,1.7891543487670845,0.41592973988511395,0.015175046953073461,0.11,0.0,-0.26630445274701886,-0.2692424081652817,0.0,0.21218062596569728,-0.6531232167598484,-0.11
2010-01-14,1.3868999481201172,0.20344725920055454,1.7891543487670845,0.41633645420344095,0.015196072776468693,0.11,0.0,-0.04325977320248646,-0.0461906474835517,0.0,0.09773660244565906,0.13845934520370812,-0.11
2010-01-15,1.3904000520706177,0.20396069678241585,1.7891543487670845,0.4170741447680041,0.015321212694993033,0.12,0.0,0.25205097060196713,0.2520509706019892,0.0,0.17702936778822134,0.8201294316470777,-0.11
2010-01-18,1.3873000144958496,0.20351191036625554,1.7891543487670845,0.4159321133961444,0.01529463630991163,0.12,0.0,-0.2232090425580716,-0.22027816827701252,0.0,-0.27419531994595375,-0.17361198608273865,-0.12
2010-01-19,1.3902000188827517,0.20393733055416163,1.7891543487670845,0.41707669150086263,0.015243588822563181,0.13,0.0,0.2088212713499308,0.2088212713499308,0.0,0.2748059368147159,-0.3343189374832005,-0.12
2010-01-20,1.3997000455856323,0.2053158989415478,1.7891543487670845,0.41682549996723345,0.015348934390905901,0.13,0.0,0.6810325245599961,0.6737020026557373,0.0,-0.06024484497020848,0.6887041254976287,-0.13
2010-01-21,1.4039000272750854,0.20591989174802502,1.7891543487670845,0.41679780408296513,0.015531070573483723,0.12,0.0,0.2996136911243653,0.29374546401586754,0.0,-0.006644700104701477,1.1796519781869563,-0.13
2010-01-22,1.4045000076293943,0.20602904880533646,1.7891543487670845,0.41329489319222085,0.015638570825180925,0.11,0.0,0.042727557041724325,0.0529954317734397,0.0,-0.8439856645547803,0.6897780860220049,-0.12
2010-01-25,1.3991999626159668,0.20525458910924851,1.7891543487670845,0.4177838569890079,0.015475307730441845,0.12,0.0,-0.37807549901617843,-0.3766065751497713,0.0,1.0802844980556092,-1.0494647454206243,-0.11
2010-01-26,1.402400016784668,0.2057330705177019,1.7891543487670845,0.4102024012435033,0.01564654758182745,0.12,0.0,0.22844485893122152,0.23284476476412644,0.0,-1.8313510788239573,1.1004586826377207,-0.12
2010-01-27,1.4048000574111938,0.20607306373648818,1.7891543487670845,0.408978438628682,0.015617566482181483,0.12,0.0,0.17099181731727453,0.16512298761795405,0.0,-0.2988262093177909,-0.18539535703873952,-0.12
2010-01-28,1.4039000272750854,0.20594406156934683,1.7891543487670845,0.41114627489287364,0.015637461618480644,0.12,0.0,-0.06408873427404456,-0.06261981040763301,0.0,0.5286613797608801,0.12730840568858157,-0.12
2010-01-29,1.4056999683380127,0.2062081025736085,1.7891543487670845,0.41209580637427756,0.01557217260011922,0.12,0.0,0.12812794077314751,0.12812794077314751,0.0,0.2306810898223755,-0.41839076449856877,-0.12
2010-02-01,1.409000039100647,0.2066891678502492,1.7891543487670845,0.4136088885492174,0.01552446018000024,0.14,0.0,0.23448838355969362,0.2330194596932858,0.0,0.3664951593151817,-0.30686574908163267,-0.12
2010-02-02,1.407099962234497,0.20647101253413513,1.7891543487670845,0.41207132378970124,0.015560445220403087,0.14,0.0,-0.1349438694352728,-0.10560327289291077,0.0,-0.3724363291792744,0.2315275276803248,-0.14
2010-02-03,1.4117000102996826,0.20708827422911533,1.7891543487670845,0.4153158139531295,0.015540511528079433,0.13,0.0,0.326383723113302,0.29851205043733153,0.0,0.7842777935254672,-0.1281870214761087,-0.14
2010-02-04,1.420199990272522,0.20833517241620514,1.7891543487670845,0.4148507394082227,0.015884128532637355,0.14,0.0,0.6003040712524382,0.6003040712524382,0.0,-0.11204368368670989,2.1870143930203185,-0.13
2010-02-05,1.4217000007629397,0.20850626853613968,1.7891543487670845,0.4152646389851988,0.015934767779772683,0.13,0.0,0.10556392796699753,0.08209170813351864,0.0,0.0997209838652921,0.3182969603443042,-0.14
2010-02-08,1.4229999780654907,0.2087428482294526,1.7891543487670845,0.41239205229925097,0.01594933824922757,0.13,0.0,0.09139644972886984,0.11339974569594846,0.0,-0.6941521166330465,0.09139644972889203,-0.13
2010-02-09,1.4163199663162231,0.20777513692122648,1.7891543487670845,0.41258446277373284,0.015777559953955744,0.13,0.0,-0.47053690355536026,-0.4646680738560448,0.0,0.04664629221685851,-1.0828664858974653,-0.13
2010-02-10,1.4174000024795532,0.20786039754332705,1.7891543487670845,0.4140933180735411,0.015761147533299595,0.12,0.0,0.07622744854964382,0.04102662848898831,0.0,0.36504113459606585,-0.10407796289246178,-0.13
2010-02-11,1.4106999635696411,0.2067323112619183,1.7891543487670845,0.4129321018262194,0.015707604965129563,0.12,0.0,-0.47381998693800353,-0.5441914637756521,0.0,-0.2808177312279868,-0.3402907048207622,-0.12
2010-02-12,1.4110000133514404,0.20678537129181113,1.7891543487670845,0.41314088302487306,0.015686493176462684,0.12,0.0,0.02126730590667113,0.025662762402978583,0.0,0.050547883038871075,-0.13449529114729883,-0.12
2010-02-15,1.4119999408721924,0.20693494982112492,1.7891543487670845,0.4125036227712513,0.015680176491061536,0.12,0.0,0.07084148627588938,0.07230901079684943,0.0,-0.15436677061194767,-0.040276417952520245,-0.12
2010-02-16,1.404099941253662,0.2057771693019291,1.7891543487670845,0.4109039714056782,0.015558927906265414,0.13,0.0,-0.5610610896514028,-0.5610610896514028,0.0,-0.38854472301202136,-0.7762654915539218,-0.12
2010-02-17,1.4057999849319458,0.20602631835857996,1.7891543487670845,0.4139088432908166,0.015439867521287311,0.12,0.0,0.12100387418595507,0.12100387418595507,0.0,0.7286223311281895,-0.7681651418558318,-0.13
2010-02-18,1.4142999649047852,0.20727202870051778,1.7891543487670845,0.41330838156364375,0.015376670311719631,0.12,0.0,0.6028159188591876,0.6028159188591876,0.0,-0.14517633690242615,-0.4101518379803628,-0.12
2010-02-19,1.4114999771118164,0.20699212464518318,1.7891543487670845,0.41654368496496014,0.015419488343837155,0.13,0.0,-0.19817317338660254,-0.13513314906362922,0.0,0.779734105294326,0.2780740298642648,-0.12
2010-02-22,1.409489989280701,0.20673373793980535,1.7891543487670845,0.4150930486128563,0.015449005095099212,0.12,0.0,-0.1425023268568783,-0.12490722110413804,0.0,-0.3488633353454119,0.19124198799359762,-0.13
2010-02-23,1.41034996509552,0.20685077323261067,1.7891543487670845,0.41429702519566475,0.01564274520641167,0.12,0.0,0.060994656107781216,0.0565955894225796,0.0,-0.1919539880571349,1.2462638290045527,-0.12
2010-02-24,1.4090700149536133,0.20669943275473313,1.7891543487670845,0.4137751803979519,0.015607948974097884,0.11,0.0,-0.09079528689547287,-0.07319086410424236,0.0,-0.12603849356856697,-0.22269103203092178,-0.12
2010-02-25,1.409000039100647,0.20669220397906418,1.7891543487670845,0.4158304824521284,0.01578357894124648,0.12,0.0,-0.004966225227796969,-0.0034973013613892293,0.0,0.49548993002173064,1.1189757961495816,-0.11
2010-02-26,1.405900001525879,0.2062434910297226,1.7891543487670845,0.41265041818771936,0.0158106638382511,0.13,0.0,-0.22025924781151848,-0.21732833047720407,0.0,-0.7676893649443834,0.17145467817478866,-0.12
2010-03-01,1.4043999910354614,0.20603250696903197,1.7891543487670845,0.4163158837704117,0.015753224531665153,0.14,0.0,-0.10675092601045218,-0.102350891215183,0.0,0.8843518640044598,-0.3639562357981401,-0.13
2010-03-02,1.4010000228881836,0.20550054996267136,1.7891543487670845,0.42369805332598454,0.015787695026079993,0.14,0.0,-0.24238752370566602,-0.2585247010797625,0.0,1.7576755060740274,0.2185764310104261,-0.14
2010-03-03,1.3991600275039673,0.2052788419011139,1.7891543487670845,0.4148732546310468,0.015797222900811755,0.15,0.0,-0.13142074852373567,-0.10794508559918299,0.0,-2.1048000103051874,0.06033180167080093,-0.14
2010-03-04,1.401419997215271,0.20558930095640246,1.7891543487670845,0.41651905750751744,0.015718034316443585,0.16,0.0,0.16139301015608232,0.15112347830896788,0.0,0.3959153824871861,-0.5025423113659819,-0.15
2010-03-05,1.4010000228881836,0.2055306952938241,1.7891543487670845,0.4178347909243935,0.01552870764722059,0.17,0.0,-0.029972261632348594,-0.02851024689136169,0.0,0.31539004943567156,-1.2118318535743478,-0.16
2010-03-08,1.3997399806976318,0.20533079048158315,1.7891543487670845,0.4202161342020998,0.015503399557392718,0.15,0.0,-0.08997923934046652,-0.09731008378078454,0.0,0.5683066781602966,-0.16310910033873552,-0.17
2010-03-09,1.3984500169754028,0.20512952465125153,1.7891543487670845,0.41946369943196893,0.01554023315779059,0.14,0.0,-0.09219987310961365,-0.09806835839754219,0.0,-0.1792194932856144,0.23730223856658264,-0.15
2010-03-10,1.3978500366210938,0.2050806196945125,1.7891543487670845,0.420798363144688,0.015450978421134477,0.14,0.0,-0.04291244516085009,-0.02384385547009723,0.0,0.3176782326866796,-0.5760018978399386,-0.14
2010-03-11,1.397629976272583,0.20504533632858882,1.7891543487670845,0.4218878307061085,0.015418210394132348,0.15,0.0,-0.015744011615203054,-0.01720611216751871,0.0,0.25857031392536245,-0.21230256166430364,-0.14
2010-03-12,1.3937000036239624,0.204492763205305,1.7891543487670845,0.4221670199649648,0.01539319626166413,0.17,0.0,-0.28158442560692787,-0.2698520402536586,0.0,0.06615429526086615,-0.1623693344690288,-0.15
2010-03-15,1.3971999883651731,0.20498525016583416,1.7891543487670845,0.42171982324023727,0.015469441907507441,0.2,0.0,0.2508141879722113,0.24054390317127436,0.0,-0.1059850073949912,0.4940977536811343,-0.17
2010-03-16,1.3940999507904053,0.20453344394239112,1.7891543487670845,0.4216112959613339,0.015440247387910474,0.2,0.0,-0.22212151448583733,-0.22065239670573839,0.0,-0.025737762316946,-0.18890211415210517,-0.2
2010-03-17,1.3926000595092771,0.20428342048301357,1.7891543487670845,0.42179551375030194,0.015404356729198057,0.18,0.0,-0.10764642196296656,-0.12231564414588687,0.0,0.04368420785232624,-0.232719309829908,-0.2
2010-03-18,1.3950999975204468,0.2046351263809043,1.7891543487670845,0.4224119597520395,0.015418876500445428,0.18,0.0,0.17935492557885413,0.17201762420072456,0.0,0.14604137742195353,0.09421316844464578,-0.18
2010-03-19,1.397699952125549,0.20504656550989672,1.7891543487670845,0.4229302644420422,0.01544078661024353,0.18,0.0,0.1861898741820019,0.20085802000041544,0.0,0.12262601822483571,0.1419983970729604,-0.18
2010-03-22,1.4001799821853638,0.20540135518897562,1.7891543487670845,0.4218807244809732,0.015499004194647026,0.18,0.0,0.177279280566702,0.17287931040744736,0.0,-0.24846753055644807,0.3763286796516878,-0.18
2010-03-23,1.4014999866485596,0.20560103546262212,1.7891543487670845,0.4210605296667276,0.01550915198525014,0.17,0.0,0.09422950340874642,0.09716745882699956,0.0,-0.19460313967366574,0.06545239843685088,-0.18
2010-03-24,1.405940055847168,0.20623726304943973,1.7891543487670845,0.42342490543569805,0.01527963197752258,0.17,0.0,0.3163075850828374,0.30896985309417635,0.0,0.5599580167196183,-1.4909602131443391,-0.17
2010-03-25,1.407099962234497,0.2063983287827678,1.7891543487670845,0.4232643436991342,0.01520975381630538,0.17,0.0,0.08246640258284371,0.07806681958428442,0.0,-0.037926958126040244,-0.45837777146856246,-0.17
2010-03-26,1.4032000303268433,0.20583835241113338,1.7891543487670845,0.42530235180460096,0.015168581544382645,0.17,0.0,-0.27754577244147277,-0.27167728715355655,0.0,0.4803422134809319,-0.2710635500166693,-0.17
2010-03-29,1.39900004863739,0.20523127794904966,1.7891543487670845,0.42897004609440353,0.015125960438424993,0.16,0.0,-0.299763379924282,-0.29536353872356935,0.0,0.85867618677089,-0.2813783030781044,-0.17
2010-03-30,1.3994499444961548,0.2053153445146833,1.7891543487670845,0.42887131365783904,0.015077030263922639,0.16,0.0,0.032153217941697426,0.04095348114381243,0.0,-0.02301881015132441,-0.3240090876501326,-0.16
2010-03-31,1.399219989776611,0.20528763931216346,1.7891543487670845,0.4292217398770658,0.014961719846044814,0.09,0.0,-0.016433143276036677,-0.01349488613243243,0.0,0.08167557988347778,-0.7677482176011611,-0.16
2010-04-01,1.3973000049591064,0.20499090347993046,1.7891543487670845,0.4295947932301906,0.01488865239933284,0.17,0.0,-0.1373124542497059,-0.14465093980015162,0.0,0.08687615158932246,-0.48955900478583014,-0.09
2010-04-02,1.399799942970276,0.2053576568970454,1.7891543487670845,0.43772473125815214,0.014807997049047332,0.2,0.0,0.1787521878635559,0.1787521878635559,0.0,1.8747822281106779,-0.5431962871444886,-0.17
2010-04-05,1.3973900079727173,0.20500410737244498,1.7891543487670845,0.4266058207732198,0.014813844809156764,0.2,0.0,-0.17231118630520192,-0.1723111863051908,0.0,-2.5729794847495895,0.039482758792582714,-0.2
2010-04-06,1.3961000442504885,0.20482688488496167,1.7891543487670845,0.4356549967350063,0.014884748100399171,0.2,0.0,-0.09235499606602642,-0.08648564987906757,0.0,2.0990187706803822,0.47748676963090525,-0.2
2010-04-07,1.3950999975204468,0.20469817944956004,1.7891543487670845,0.43470538111461593,0.014951398319667296,0.19,0.0,-0.07165711936566789,-0.0628559523448376,0.0,-0.218212138642678,0.4467757276425103,-0.2
2010-04-08,1.3937000036239624,0.20448977303026297,1.7891543487670845,0.4361991717023397,0.014918647301871348,0.19,0.0,-0.10040117710226133,-0.10186342782310123,0.0,0.34304380377633154,-0.21929012988717317,-0.19
2010-04-09,1.3895000219345093,0.20393637015453084,1.7891543487670845,0.43754134336788003,0.014915199305639953,0.19,0.0,-0.30180977572504125,-0.2709930417708275,0.0,0.30722455879886434,-0.023114660956114485,-0.19
2010-04-12,1.3907400369644165,0.20404349649901518,1.7891543487670845,0.4336846837697377,0.014924825955432604,0.19,0.0,0.08920201751366454,0.05251550662294089,0.0,-0.8853465506381185,0.06452172906957142,-0.19
2010-04-13,1.3910000324249268,0.20407564557807892,1.7891543487670845,0.43295568388760014,0.014928096457064104,0.2,0.0,0.018693009036214223,0.015754751892603888,0.0,-0.16823588683059948,0.021910763706099182,-0.19
2010-04-14,1.3730000257492063,0.20144075707965967,1.7891543487670845,0.4289954759692994,0.014713131593850794,0.2,0.0,-1.3024790712013083,-1.2995408140577065,0.0,-0.9189002738499911,-1.4504704841441622,-0.2
2010-04-15,1.3738399744033811,0.2015669380133399,1.7891543487670845,0.43115741956627623,0.014766121677607404,0.22,0.0,0.0611574522220645,0.06261961711392236,0.0,0.5026892685767587,0.3595080264864261,-0.2
2010-04-16,1.3752000331878662,0.2017576046224542,1.7891543487670845,0.4318688743465258,0.014923494415804893,0.21,0.0,0.09894791575933681,0.09454749372388438,0.0,0.16487445317331442,1.060129653367549,-0.22
2010-04-19,1.3774700164794922,0.20209360615657218,1.7891543487670845,0.42951980327605116,0.014898010276000736,0.2,0.0,0.1649295967356094,0.16639871451570157,0.0,-0.5454162458416474,-0.17091120163738757,-0.21
2010-04-20,1.374699950218201,0.20169016280842186,1.7891543487670845,0.42882989183142844,0.014754590863461833,0.2,0.0,-0.20130059045869908,-0.19983145109522177,0.0,-0.16075303506832753,-0.9673386171289198,-0.2
2010-04-21,1.372099995613098,0.20127326662933814,1.7891543487670845,0.4295329215642151,0.014745201528289361,0.2,0.0,-0.1893079534615886,-0.2069152172973542,0.0,0.16380716382796592,-0.06365695978362307,-0.2
2010-04-22,1.371999979019165,0.20127926306120303,1.7891543487670845,0.4283751604289479,0.014689821414436675,0.2,0.0,-0.007289573623534561,0.002979204661770594,0.0,-0.26990346924214714,-0.37628765777051043,-0.2
2010-04-23,1.3696999549865725,0.20089468864379204,1.7891543487670845,0.43029027567935674,0.014579031394127145,0.2,0.0,-0.16778091166145345,-0.19124785829517987,0.0,0.4460685956157762,-0.757054266370502,-0.2
2010-04-26,1.3666000366210938,0.20045178391839774,1.7891543487670845,0.432030879849906,0.014553780771179838,0.2,0.0,-0.22657747331551026,-0.22070950436369607,0.0,0.4037026166776555,-0.173348382072656,-0.2
2010-04-27,1.373900055885315,0.20155210617423197,1.7891543487670845,0.4294779952089714,0.014750280182281793,0.2,0.0,0.5327521462401352,0.54742007762538,0.0,-0.5926560218137761,1.341127133470508,-0.2
2010-04-28,1.3740400075912476,0.20161995540050787,1.7891543487670845,0.43027495708928337,0.014623669869940584,0.2,0.0,0.010185935851647718,0.033657702694676724,0.0,0.18539328220952742,-0.8620638096441849,-0.2
2010-04-29,1.367900013923645,0.20069543939040851,1.7891543487670845,0.42958984772044895,0.014550115482104567,0.19,0.0,-0.44785836905789683,-0.45959843916197013,0.0,-0.1593528447679058,-0.5042509417503969,-0.2
2010-04-30,1.3700000047683716,0.2009976537317125,1.7891543487670845,0.43031691689745666,0.014600873686809908,0.2,0.0,0.15340160284879972,0.15047029859344027,0.0,0.16910422854803767,0.3482437985770683,-0.19
2010-05-03,1.3698999881744385,0.20101246906418382,1.7891543487670845,0.42802686557602243,0.014466902893049735,0.2,0.0,-0.007300747781683999,0.007370626577765441,0.0,-0.5335989615980413,-0.9217887168591244,-0.2
2010-05-04,1.3801000118255615,0.2024705527884687,1.7891543487670845,0.42738141347993835,0.014571851179035896,0.21,0.0,0.7418233037703756,0.7227516363605191,0.0,-0.15091091222381564,0.7228184973662309,-0.2
2010-05-05,1.3925399780273438,0.20427160643220593,1.7845298303836898,0.4291076090514134,0.014848850026232372,0.21,0.0,0.8973433061604116,0.8856054747385744,-0.25880971753024673,0.4030869896332831,1.8830756647929485,-0.21
2010-05-06,1.403599977493286,0.20590305617022428,1.7731624158727752,0.42854088675143054,0.015453043589099618,0.2,0.0,0.7910946749843332,0.79549445155473,-0.6390352176600121,-0.13215726145164222,3.9883557061627566,-0.21
2010-05-07,1.3945000171661377,0.2046011423746878,1.778835132919255,0.4281678855034494,0.015227123709155292,0.2,0.0,-0.650440829663767,-0.6343019950771442,0.3194102355898344,-0.08707772900899892,-1.47276878463704,-0.2
2010-05-10,1.3810399770736694,0.20259953764296684,1.7648622400653267,0.4291342957743192,0.01482120597285465,0.2,0.0,-0.9699118469909759,-0.9831127261593304,-0.7886093985028492,0.2254539184259158,-2.7019300910686965,-0.2
2010-05-11,1.3827999830245972,0.20282499984438115,1.7464668335139495,0.42825730185982586,0.014950805654264937,0.2,0.0,0.12735948638398809,0.1112227819529496,-1.0477841558464007,-0.20457261833789547,0.870619705832381,-0.2
2010-05-12,1.379889965057373,0.20240113983220753,1.7440469321089722,0.43044888767247175,0.014810612800831848,0.2,0.0,-0.21066562648234272,-0.20919685343657343,-0.13865590885260357,0.5104401477070044,-0.9421183374552493,-0.2
2010-05-13,1.382099986076355,0.2027253039211003,1.7333015946054786,0.4405520637774995,0.014897010893989515,0.2,0.0,0.16003110291760003,0.1600311029176222,-0.6180209790551077,2.320004185277524,0.5816576757142927,-0.2
2010-05-14,1.3871999979019165,0.203503217038489,1.7145824240501353,0.4337711124948037,0.015003244772202004,0.2,0.0,0.3683253978104711,0.38299332919572016,-1.0858459495231871,-1.5511626433372823,0.710591417095007,-0.2
2010-05-17,1.3884999752044678,0.2036610577899898,1.7207619124324935,0.4418175435929264,0.015002700479955264,0.21,0.0,0.09366843752526069,0.07753173309422728,0.35975986346863037,1.8379995136249536,-0.003627896020111995,-0.2
2010-05-18,1.396299958229065,0.20482616637818846,1.7005444505512912,0.42874687307598547,0.01519352284949718,0.21,0.0,0.5601841143633531,0.5704519890950542,-1.1818700268105897,-3.0030294216046656,1.2638991815789486,-0.21
2010-05-19,1.3954999446868896,0.2046937911641429,1.7295011574560988,0.44551926354893934,0.015244701012999224,0.2,0.0,-0.057311669309650363,-0.06464897068776623,1.688455381960925,3.8373780929136068,0.3362759401518463,-0.21
2010-05-20,1.409000039100647,0.20666187561166033,1.7582829313646897,0.43442066874520263,0.015765916927361116,0.2,0.0,0.9627526309708861,0.9568845762429754,1.6504707018412188,-2.5227138793269392,3.36184854105889,-0.2
2010-05-21,1.4048000574111938,0.2060942263199312,1.7654230045831696,0.4239370112165449,0.015611317943439586,0.2,0.0,-0.2985275900587845,-0.2750533048202741,0.4052598667642531,-2.4428461727673385,-0.9854293127543918,-0.2
2010-05-24,1.4077999591827393,0.20653433338810842,1.7386257533476055,0.4314037888631131,0.015609268445217584,0.21,0.0,0.2133188431652108,0.21331884316518865,-1.5295320078243475,1.74596308866556,-0.013129146259025087,-0.2
2010-05-25,1.410899996757507,0.20683740498191472,1.7418948760293629,0.4217937173960814,0.015619049565134985,0.21,0.0,0.21996231405580058,0.1466339471128381,0.18785256524673744,-2.2528143443554365,0.06264263245948823,-0.21
2010-05-26,1.4119999408721924,0.20709885216383225,1.7188279457353417,0.4244446306224863,0.015694119392178858,0.2,0.0,0.07793008570301581,0.1263224528757463,-1.3330898247861867,0.6265189716056748,0.4794785923280724,-0.21
2010-05-27,1.3991400003433228,0.20513745641402092,1.7276533758707302,0.42439336434385244,0.015395636331513609,0.2,0.0,-0.9149334794294395,-0.9515952427716131,0.5121425942592295,-0.012079166813972591,-1.9201967010626617,-0.2
2010-05-28,1.406999945640564,0.20629589967452053,1.7269524948960964,0.4244087558127652,0.015452707413999634,0.19,0.0,0.560197709572046,0.5631270798334942,-0.04057661050027435,0.0036266330040820526,0.37001109731740034,-0.2
2010-05-31,1.399590015411377,0.2052756663033675,1.7197994413671154,0.42994193962406424,0.01534806423884765,0.19,0.0,-0.5280391898577927,-0.4957754836388782,-0.41506113177845066,1.2953137875374432,-0.6794867281096099,-0.19
2010-06-01,1.4119000434875488,0.20705990044797015,1.7271793149304813,0.42569422959032865,0.01549835419468892,0.2,0.0,0.875699823539096,0.8654336053880468,0.428194390565258,-0.992885780717093,0.9744479437287031,-0.19
2010-06-02,1.4034899473190308,0.20575109454165355,1.7177317930381264,0.4277758988894195,0.015223884479350734,0.2,0.0,-0.5974391619878547,-0.6340966241477389,-0.5484928511376519,0.4878140095637572,-1.7868295396295322,-0.2
2010-06-03,1.4069000482559204,0.20629032446390605,1.7121195494436279,0.43048163588910976,0.015189532098595405,0.19,0.0,0.24267824863051482,0.26173593489212893,-0.3272590000528597,0.6305207595779824,-0.22590290226844317,-0.2
2010-06-04,1.413100004196167,0.2072389220865953,1.6916262875721486,0.43075751627213194,0.015379843779257399,0.19,0.0,0.43971388755427393,0.45878219954234467,-1.2041739004638972,0.06406591984722397,1.2451293749614083,-0.19
2010-06-07,1.4187999963760376,0.20801688847781033,1.6916252029126042,0.4249303538426099,0.015503300126258992,0.19,0.0,0.4025565787045149,0.37469303576745233,-6.411935663043066e-05,-1.3620042339452625,0.7995106003915848,-0.19
2010-06-08,1.412700057029724,0.20715595913947094,1.6912891398718413,0.4241960236939507,0.015454545459287693,0.19,0.0,-0.43086340582944876,-0.41473356328907823,-0.019868256054740033,-0.1729613756331244,-0.3149748075597444,-0.19
2010-06-09,1.4133000373840332,0.20725305451076886,1.6948279367767327,0.4243889423091035,0.015468725118248731,0.18,0.0,0.04246145387679964,0.04685968204184684,0.20901806483124477,0.04546830929260705,0.09170866916743954,-0.19
2010-06-10,1.403499960899353,0.20581894690528546,1.6995023812441588,0.4254577314386857,0.015370883373845352,0.18,0.0,-0.6958332883143814,-0.6943648383807359,0.27542678434289536,0.2515252988737662,-0.6345221451320164,-0.18
2010-06-11,1.4006999731063845,0.20531198890084854,1.6968103299746249,0.4282176742008204,0.015288145941019836,0.18,0.0,-0.19969964976761823,-0.24661645097793727,-0.1585279131940086,0.6466046368302738,-0.5397276790791051,-0.18
2010-06-14,1.396399974822998,0.20465170788323309,1.7061311017935739,0.4282515963486502,0.015241212977098408,0.18,0.0,-0.30746142439302493,-0.32211710144810163,0.5478081427517499,0.007921392865800361,-0.30746142439302493,-0.18
2010-06-15,1.3909399509429932,0.20385150505290298,1.7135078471000043,0.4256893598838604,0.015205850468903256,0.19,0.0,-0.3917735912437014,-0.3917735912437125,0.43143483034253927,-0.6000986684904335,-0.23228856969154096,-0.18
2010-06-16,1.392799973487854,0.20412410373334577,1.714806333325214,0.4275671533479788,0.015239178046634336,0.19,0.0,0.1336348130328682,0.1336348130328682,0.0757507170559078,0.44014817737576983,0.21893617886747396,-0.19
2010-06-17,1.3914400339126587,0.20404440312985517,1.7228896047693354,0.42674354275111315,0.015317482276606717,0.19,0.0,-0.0976883946592322,-0.03905279469797734,0.4702734905562303,-0.19281295570491075,0.5125193692595035,-0.19
2010-06-18,1.3840999603271484,0.20298887223812123,1.71530899334698,0.42725727450806067,0.015260198532498107,0.18,0.0,-0.5289126232872974,-0.5186471582117945,-0.4409648535284589,0.1203117862497812,-0.3746772783724876,-0.19
2010-06-21,1.377400040626526,0.20294383071581432,1.6964098943865622,0.4300343462686266,0.01513709543437828,0.17,0.0,-0.4852386633692197,-0.022191620514438064,-1.107904425682918,0.6478732340276423,-0.8099653295573541,-0.18
2010-06-22,1.38510000705719,0.20363128458331217,1.7002184616647185,0.43149532417350456,0.015298210658838744,0.18,0.0,0.5574650670449407,0.338168518810462,0.22425584874482385,0.33915937093281184,1.058748868703067,-0.17
2010-06-23,1.3878999948501587,0.20409094166436675,1.7097629056908659,0.43196388711767225,0.015436546972748696,0.17,0.0,0.20194653751374808,0.22547570193732816,0.5597959591302221,0.10853158644536448,0.9002006767288986,-0.18
2010-06-24,1.39110004901886,0.20484465788249895,1.7162631981272798,0.4290076063659659,0.015520474078401375,0.16,0.0,0.23030266517388376,0.3686238480814258,0.37946589077142157,-0.6867340887234863,0.5422182653541898,-0.17
2010-06-25,1.386199951171875,0.20438795374126856,1.7151482271910936,0.42847427729366605,0.015549073779538658,0.16,0.0,-0.3528681043566287,-0.22320035982494246,-0.06498614343934207,-0.12439426447032012,0.18410122571374474,-0.16
2010-06-28,1.3863999843597412,0.20436019117907847,1.7020857329995067,0.4289869268894956,0.015522935400310633,0.17,0.0,0.014429286075474595,-0.013584189960388102,-0.764510593442925,0.11957384297045939,-0.16824393454793618,-0.16
2010-06-29,1.4019999504089355,0.20651052339357187,1.708526659136737,0.431212102479581,0.015815180290689658,0.15,0.0,1.1189305102682883,1.0467291882702134,0.37769954798164984,0.5173641163194226,1.865162318405894,-0.17
2010-06-30,1.3992999792099,0.2066302441086634,1.7113471133480544,0.43048761569315774,0.015823815157535392,0.09,0.0,-0.19276565187094585,0.057956380904494675,0.16494496805546113,-0.1681529985107513,0.05458369924705418,-0.15
2010-07-01,1.3885999917984009,0.2050804918880639,1.7367920263944114,0.4304802164385761,0.0158515983560048,0.17,0.0,-0.7676057291374208,-0.7528390224780529,1.4758902638251201,-0.001718822540328063,0.17542442236765607,-0.09
2010-07-02,1.391800045967102,0.20583886097301268,1.749635468547197,0.4317935204704316,0.015853742242311966,0.18,0.0,0.23018670250446427,0.36910889724649204,0.736771395359408,0.30461441446075516,0.013523818195765395,-0.17
2010-07-05,1.3918999433517456,0.20570760996574458,1.7450226609519177,0.43450708255926435,0.015884735444813072,0.18,0.0,0.007177309700738471,-0.06378429702900276,-0.26399207609461534,0.6264732944292883,0.19530371089767828,-0.18
2010-07-06,1.3871999979019165,0.20488885021573702,1.7512056200244075,0.43233808476305713,0.015857338187813045,0.18,0.0,-0.3382354021027079,-0.3988153404285422,0.35369346743277785,-0.5004359266450219,-0.1726242848565682,-0.18
2010-07-07,1.3833999633789062,0.20440306407323058,1.7476659147632743,0.4312747318301995,0.015777827994569973,0.18,0.0,-0.2743114819138207,-0.2373789237749196,-0.20233417737936515,-0.24625699151204014,-0.502670731711394,-0.18
2010-07-08,1.378499984741211,0.20375132184590158,1.7498762622494723,0.4318744253629741,0.015592126768930407,0.17,0.0,-0.3548270299953698,-0.31936091035521097,0.12639434600603344,0.13895480851018785,-1.183957045928824,-0.18
2010-07-09,1.3806999921798706,0.20413080853146384,1.7457547731942498,0.4325501347528103,0.015588799784771307,0.18,0.0,0.1594670863493074,0.18607669559213313,-0.23580812295371234,0.15633741997635486,-0.021339867280696204,-0.17
2010-07-12,1.382200002670288,0.20441604497728647,1.740192361927228,0.43236987158226997,0.015593587513645745,0.17,0.0,0.10858233309861719,0.13963465375815204,-0.31913369723279306,-0.04168320118161909,0.030707904858211,-0.18
2010-07-13,1.374699950218201,0.20328881405311164,1.7487374136420044,0.42956687565728646,0.015482075856853714,0.17,0.0,-0.544094532467753,-0.5529655933664229,0.4898389678459017,-0.6503971004593738,-0.7176814479866231,-0.17
2010-07-14,1.3736000061035156,0.20310212420299467,1.7500318091906593,0.43899010185708187,0.015561346531572704,0.17,0.0,-0.08004542378174823,-0.09187698133760275,0.07399148244825908,2.169943065728983,0.5107094573826456,-0.17
2010-07-15,1.37253999710083,0.20287339933051796,1.7744996490833387,0.430088062395697,0.01571490788470966,0.19,0.0,-0.07719992819698189,-0.11267915596790683,1.3884530898555711,-2.0486881809613053,0.9819755591817492,-0.17
2010-07-16,1.3747999668121338,0.20323448650869277,1.7778811779946295,0.42954446228027415,0.015882624833503618,0.19,0.0,0.16452060907965413,0.17782825003941496,0.19038104849998805,-0.1264726897313858,1.0615925325475815,-0.19
2010-07-19,1.3769999742507937,0.20342738416111675,1.7817631544480015,0.42582798605129313,0.01587136860702965,0.19,0.0,0.15989591936210984,0.09486882385786918,0.21811044193049475,-0.8689780978654857,-0.07089644939636276,-0.19
2010-07-20,1.3730000257492063,0.20285145245299027,1.7702195238459664,0.4272865994927715,0.01573783357395459,0.18,0.0,-0.2909055507213549,-0.2835156754459178,-0.6499846586432096,0.34195051579079844,-0.8449174181335022,-0.19
2010-07-21,1.3786799907684326,0.2036906288058119,1.7602942249494617,0.42741815134390954,0.015872255555423802,0.18,0.0,0.4128367435382364,0.4128367435382364,-0.5622595322127387,0.03078299308577037,0.8505056168208633,-0.18
2010-07-22,1.3712999820709229,0.20261225833878527,1.7693965564057805,0.4280897769167825,0.01573963515707363,0.18,0.0,-0.5367331026030241,-0.5308222182361257,0.51575915271643,0.15701215352084122,-0.839058806174152,-0.18
2010-07-23,1.3697999715805054,0.2023487726347094,1.768830458015529,0.4303622458342853,0.015651279983098867,0.19,0.0,-0.10944589146779926,-0.13012893641823892,-0.031998986654878776,0.5294353476762006,-0.5629361674183365,-0.18
2010-07-26,1.3603899478912354,0.20095573816218776,1.7683708058211494,0.4263609630475494,0.01563702534209851,0.19,0.0,-0.6893337994063026,-0.6908130085929167,-0.02598959814169166,-0.9340967628977943,-0.09111801894311831,-0.19
2010-07-27,1.361799955368042,0.20122346820045198,1.7690997678543283,0.42834674875329326,0.01550742377273621,0.19,0.0,0.1035936252070971,0.13313969174796464,0.041213744584736624,0.4646709632779943,-0.8322659166165527,-0.19
2010-07-28,1.3665000200271606,0.2018970803050326,1.7753901367509002,0.4280612678150162,0.015625714285153452,0.2,0.0,0.34454197493025446,0.33419915409278833,0.3549382658586715,-0.06666937799000436,0.7599046483881302,-0.19
2010-07-29,1.3625999689102173,0.20135952844209898,1.7820151359229612,0.42780444422221015,0.015719345085169367,0.19,0.0,-0.2858124500876921,-0.2666055160295388,0.3724628667935149,-0.06001492918866417,0.5974216057016833,-0.2
2010-07-30,1.3594000339508057,0.2009401061613221,1.7725217089355851,0.42681320514073884,0.0157265154506709,0.18,0.0,-0.2351165635669393,-0.2085124601975215,-0.5341595810893358,-0.2319726316696172,0.045604512031930534,-0.19
2010-08-02,1.3486000299453735,0.19937023135516485,1.776905287167935,0.42696130902710866,0.015573108346600651,0.19,0.0,-0.7976411382116846,-0.7843329072274099,0.24700214800013717,0.03469391165879321,-0.9802567179300945,-0.18
2010-08-03,1.3494000434875488,0.19950619362378968,1.784590231138509,0.4272010789408771,0.015730940343790592,0.19,0.0,0.05930419153801868,0.06817262960463281,0.4315578025151895,0.05614153080108446,1.0083892737081992,-0.19
2010-08-04,1.3494000434875488,0.19950619362378968,1.784590231138509,0.426121859326182,0.015730940343790592,0.19,0.0,0.0,0.0,0.0,-0.25294531336579873,0.0,-0.19
2010-08-05,1.352020025253296,0.1999142426386898,1.7789972317815457,0.4294171954886979,0.015666511905479675,0.19,0.0,0.19397076504537697,0.20432062048448074,-0.31389738613409257,0.7703569908962766,-0.41040609430193403,-0.19
2010-08-06,1.3531999588012695,0.20013310396629932,1.7836946129863236,0.43017451388212025,0.015765497604820065,0.18,0.0,0.0872338390041016,0.10941772332819458,0.26369858137962715,0.17620425630204772,0.6298421775351415,-0.19
2010-08-09,1.3461999893188477,0.1991921080248599,1.7885185237598762,0.42842594114334387,0.015773809071509392,0.18,0.0,-0.5186326818827299,-0.47129390028444296,0.2700798368490045,-0.40730822955959206,0.05270545080158059,-0.18
2010-08-10,1.3480000495910645,0.19954112672059834,1.7833991830785862,0.4303134839684705,0.015693213963042955,0.18,0.0,0.13362486185608222,0.1750638042994741,-0.2866440162792585,0.4396085261135595,-0.5122523640966414,-0.18
2010-08-11,1.3530000448226929,0.200059151638799,1.7839249707167681,0.42505735011353923,0.015850515875683056,0.17,0.0,0.37023330382884073,0.25927169546304796,0.029477985140749362,-1.2289874293067264,0.9973659893422203,-0.18
2010-08-12,1.3661400079727173,0.20198116508384817,1.7546785131646487,0.4281765319772781,0.016039778976239344,0.18,0.0,0.9664868434909234,0.9561369880518101,-1.6530319744557054,0.7311467170998907,1.1869775651886563,-0.17
2010-08-13,1.361199975013733,0.20092106193892997,1.7464044666630656,0.4294683472737425,0.015814299493320756,0.19,0.0,-0.36226054633810695,-0.5262346644947407,-0.4726572865085145,0.3012473588199668,-1.4157260845302118,-0.18
2010-08-16,1.3622000217437744,0.20073682094356562,1.739652449481639,0.42781321538772915,0.015813791866679208,0.2,0.0,0.07344104987742708,-0.09174026759490202,-0.387373229245936,-0.3861354342868809,-0.0032099732849144406,-0.19
2010-08-17,1.3615000247955322,0.20039446921939943,1.7443498440371743,0.43144153070818786,0.01596000372137233,0.2,0.0,-0.05140044437295354,-0.17069314495536725,0.26965524165454596,0.8445311247213698,0.9203362961249845,-0.2
2010-08-18,1.354200005531311,0.19966678065631321,1.7442039401725538,0.43024622370729787,0.01582101742179503,0.19,0.0,-0.5376173189631526,-0.3637889777357858,-0.0083647192349992,-0.27743408478336123,-0.8746552542348152,-0.2
2010-08-19,1.3517999649047852,0.19938051962729902,1.737934232223779,0.4311549130707117,0.015821628350629245,0.19,0.0,-0.17738664316911112,-0.14347225399833125,-0.36010717632009287,0.2109794523555764,0.0038614270038369695,-0.19
2010-08-20,1.354599952697754,0.19979349716510472,1.7349761204692413,0.432282344326614,0.01587223383721867,0.2,0.0,0.20691611566737997,0.20691611566737997,-0.17035351733865778,0.26114969836942026,0.3193396203642187,-0.19
2010-08-23,1.357300043106079,0.20016813207646947,1.7251329228037378,0.43285392370286097,0.015863722321597357,0.19,0.0,0.199129120152817,0.1873354809754726,-0.5689545673373877,0.1321362843136055,-0.05363957388141291,-0.2
2010-08-24,1.356950044631958,0.19984536852068538,1.7145113623387545,0.4307231074332882,0.015937680590013926,0.19,0.0,-0.02578969989848584,-0.1613763662217468,-0.6175984111009252,-0.4934870931138629,0.46512666097306915,-0.19
2010-08-25,1.3615000247955322,0.2006070541884547,1.7199777086693757,0.43344689924528235,0.01617405975540222,0.19,0.0,0.3347484262105599,0.38041302443441743,0.31832105640168,0.6303854128019515,1.4722555208804098,-0.19
2010-08-26,1.357699990272522,0.19997053435116646,1.7193910781218733,0.43248493090281526,0.01603254476179133,0.19,0.0,-0.27949668841750525,-0.3178012905483927,-0.03411268692348431,-0.2221811705496585,-0.878800522356904,-0.19
2010-08-27,1.3550000190734863,0.19955229190393706,1.7217280677919005,0.430952223699437,0.016064780882173498,0.19,0.0,-0.19906160513865698,-0.20937106594612753,0.1358273242062069,-0.35502498475930855,0.2008649043116836,-0.19
2010-08-30,1.351199984550476,0.19905715428533857,1.7233155244241516,0.4297299848727835,0.01580332385856892,0.19,0.0,-0.2808393330512904,-0.24843258381988131,0.09215887707160493,-0.28401647811070363,-1.6409064317339221,-0.19
2010-08-31,1.3551000356674194,0.19947595504128954,1.7163592223601825,0.4300266601780982,0.016030616486629966,0.21,0.0,0.2882203589882122,0.2101712004901665,-0.40447496114148557,0.06901378868026395,1.4280135483421477,-0.19
2010-09-01,1.35479998588562,0.19927045766281756,1.7188748001792928,0.433549854842314,0.01610173515228594,0.19,0.0,-0.02214471239819061,-0.1030717218351295,0.1464574612535927,0.8159587831400225,0.44266154301763727,-0.21
2010-09-02,1.347100019454956,0.19807672851103952,1.724685438781279,0.43123759604041073,0.01595957748137687,0.19,0.0,-0.5699683378937725,-0.6008512377433616,0.3374788714958163,-0.5347589884176569,-0.8867921543896864,-0.19
2010-09-03,1.3454999923706057,0.19798410706523784,1.725730170835732,0.4327062299669351,0.01597032631893894,0.19,0.0,-0.11884626499682764,-0.04677132357980776,0.0605568838413442,0.3399839889966193,0.0673277190894797,-0.19
2010-09-06,1.3430999517440796,0.19770949637537646,1.7318031398591813,0.4308950617142303,0.015907852029958407,0.19,0.0,-0.17853465103894828,-0.13879968316942534,0.3512894727531138,-0.41944608595421073,-0.39195695738690967,-0.19
2010-09-07,1.3447999954223633,0.19843588686188726,1.730536603758992,0.42919604477639767,0.015986685110718275,0.2,0.0,0.12649607041854974,0.36672965600691043,-0.07316070925832555,-0.39507887826507126,0.4943369514876522,-0.19
2010-09-08,1.3493000268936155,0.19897952654093096,1.7106380345481538,0.43486530671458595,0.016114508079374784,0.19,0.0,0.3340659677820733,0.27358778739118456,-1.1565115456861552,1.3122548028978078,0.7963793960224992,-0.2
2010-09-09,1.343500018119812,0.1979607266091612,1.7105497155817773,0.4325777756385765,0.01600357435329178,0.18,0.0,-0.4307796825706685,-0.5133277166242803,-0.005163058729695017,-0.527420513294043,-0.6907894794312307,-0.19
2010-09-10,1.3423000574111938,0.1981898274879923,1.7037940825223217,0.4322609986723556,0.01599309010521256,0.18,0.0,-0.08935592782148276,0.11566355366800561,-0.39572124394978997,-0.07325688667001104,-0.06553338375651445,-0.18
2010-09-13,1.3378000259399414,0.19788184600852896,1.701278093209453,0.43121454297970496,0.015868196454988003,0.18,0.0,-0.33581101900445226,-0.1555180853090698,-0.1477789392355023,-0.24238236162863547,-0.7839877381588815,-0.18
2010-09-14,1.3366999626159668,0.19803842376204217,1.7206003165524064,0.43088774068002555,0.015973757083636787,0.19,0.0,-0.08226310642873136,0.07909560264092057,1.1293463060604987,-0.07581520697191296,0.6630310243568545,-0.18
2010-09-15,1.3330999612808228,0.19790676205486232,1.731928426137969,0.4284153152424227,0.016052162810981117,0.21,0.0,-0.2696833934854564,-0.06650501975971758,0.6562233702644045,-0.575450591799106,0.48964016801851373,-0.19
2010-09-16,1.337399959564209,0.19873690407222275,1.7406355634604438,0.4294383823518041,0.015605601017371339,0.21,0.0,0.322037231008488,0.4185838828888299,0.5014828003842898,0.23851796577354234,-2.821370568441233,-0.21
2010-09-17,1.3377000093460083,0.19922555949449933,1.7491762418646601,0.43140479657454756,0.015582191967237896,0.21,0.0,0.022432790291549164,0.24557877317509116,0.4894645288507135,0.45685850596844163,-0.15011677511793428,-0.21
2010-09-20,1.3357000350952148,0.19885662442249097,1.7422780059711158,0.43060704462736943,0.015587583114010876,0.21,0.0,-0.14962030303329052,-0.18535628698938175,-0.39515023711313374,-0.18509076947588132,0.03459214455470287,-0.21
2010-09-21,1.3335000276565552,0.19891703028006197,1.7424766851249984,0.43436483930082626,0.015559729919070663,0.2,0.0,-0.1648439895940077,0.030371975278517933,0.011402762702661691,0.8688879684961478,-0.17884818722600337,-0.21
2010-09-22,1.3288999795913696,0.19844101729436303,1.7617191186595704,0.4305663445420346,0.015613361011734475,0.21,0.0,-0.3455568381967318,-0.2395890639734553,1.0982620850500908,-0.878340207935282,0.34408615877554016,-0.2
2010-09-23,1.325600028038025,0.19802809592448106,1.77511147591548,0.4277370784227924,0.01569128758716163,0.2,0.0,-0.2486308716376837,-0.2082994641526737,0.7573120003594941,-0.6592718358382526,0.4978604768012549,-0.21
2010-09-24,1.3285000324249268,0.19846132037738093,1.7694459811187073,0.43032523455138777,0.015720033118486725,0.21,0.0,0.21853023434904628,0.21853023434904628,-0.3196731716233736,0.603257814373456,0.18302662036377154,-0.2
2010-09-27,1.3209999799728394,0.19734090616871588,1.780587412303845,0.42661069405717517,0.01566725117805627,0.19,0.0,-0.5661500245319865,-0.5661500245319754,0.6276824204198574,-0.8669408377356143,-0.33632721891950307,-0.21
2010-09-28,1.3206299543380735,0.19763104565721254,1.7748017916334218,0.42711188586011267,0.015670482710493202,0.19,0.0,-0.028014948829873532,0.14691652880307737,-0.3254566769167569,0.11741328443347426,0.020623906373567848,-0.19
2010-09-29,1.3178999423980713,0.19726383021516944,1.7885108703796107,0.4272792013487609,0.015709483255201124,0.19,0.0,-0.20693439309370001,-0.18598141952534858,0.7694607622679993,0.0391660197050173,0.248569834853226,-0.19
2010-09-30,1.3177000284194946,0.19730774146378383,1.7957697697631116,0.4278802401124924,0.01573072662729406,0.15,0.0,-0.015170282377723174,0.022257685017099592,0.40504134783615664,0.14056767277733584,0.13513507323983162,-0.19
2010-10-01,1.315400004386902,0.19682482087480865,1.7918540657912985,0.4273554174927662,0.015740098231307873,0.2,0.0,-0.17470089164228225,-0.2450550280743916,-0.21828963716206276,-0.12273171281807034,0.05955741123998371,-0.15
2010-10-04,1.3114999532699585,0.1963323333791373,1.7918540657912985,0.4242139921694194,0.015738062356908226,0.2,0.0,-0.2969320526344252,-0.25052971715492733,0.0,-0.7378000050143885,-0.012935154814907522,-0.2
2010-10-05,1.3142000436782837,0.19673653854047138,1.797049112179124,0.42486746965292643,0.01573835753942131,0.2,0.0,0.20566640234720898,0.20566640234720898,0.28950627858610734,0.1539257755384137,0.001875578697106615,-0.2
2010-10-06,1.3086999654769895,0.19591317351911897,1.797049112179124,0.4232672204191598,0.01573145723127914,0.19,0.0,-0.41938970175979573,-0.41938970175979573,0.0,-0.377357783249703,-0.04385350408342387,-0.2
2010-10-07,1.308500051498413,0.19583047581666696,1.797049112179124,0.423901778469076,0.015771330845468053,0.18,0.0,-0.01527693547826514,-0.04222031617904454,0.0,0.14980674916626532,0.25314353373949666,-0.19
2010-10-08,1.30649995803833,0.19558383107971855,1.797049112179124,0.42001541833776584,0.015859431920339413,0.18,0.0,-0.15297084839834857,-0.1260274676975613,0.0,-0.9210352910210637,0.5570608799451698,-0.18
2010-10-11,1.3049999475479126,0.19588710783956195,1.797049112179124,0.4271545818025228,0.015949644981854777,0.18,0.0,-0.11487732794245223,0.15494218873762425,0.0,1.6854545057087174,0.5672173616701849,-0.18
2010-10-12,1.3077000379562378,0.19638084602613617,1.797049112179124,0.42334090113578776,0.015930271870090707,0.18,0.0,0.20668973740212448,0.25173529596091665,0.0,-0.8968198665255191,-0.12153804690764808,-0.18
2010-10-13,1.3047000169754028,0.1957686204027197,1.797049112179124,0.4222876684907663,0.015953778875644784,0.18,0.0,-0.22967556549788865,-0.3122412106778196,0.0,-0.2491006636886861,0.1474530949702432,-0.18
2010-10-14,1.3028000593185425,0.19573317795052297,1.797049112179124,0.4232068941881984,0.015927041183510366,0.19,0.0,-0.1457302349007465,-0.01810589501382698,0.0,0.2174410339669159,-0.16773532395786733,-0.18
2010-10-15,1.295799970626831,0.1950507169711647,1.797049112179124,0.41992352031243974,0.01590524059422185,0.2,0.0,-0.5387597585781146,-0.34927830037810276,0.0,-0.7788570824226954,-0.13697159914025311,-0.19
2010-10-18,1.297600030899048,0.1956869284704717,1.797049112179124,0.4182433672373138,0.015945342195386496,0.19,0.0,0.13881858257318946,0.3256466680179906,0.0,-0.4009118829465418,0.25181091736669536,-0.2
2010-10-19,1.3004000186920166,0.19601459103570307,1.797049112179124,0.41584855696946815,0.016015173402936674,0.19,0.0,0.21554956301935427,0.16730220606335233,0.0,-0.574233313848904,0.4369849319709308,-0.19
2010-10-20,1.3142000436782837,0.19808277989458636,1.797049112179124,0.4217180627525207,0.01611684833128163,0.19,0.0,1.0556224895609532,1.0495923079611462,0.0,1.4015844782367213,0.6328594480310235,-0.19
2010-10-21,1.3020999431610107,0.19608462159429987,1.797049112179124,0.4178620431678323,0.01606439995384054,0.19,0.0,-0.9249846616514543,-1.0138714714556523,0.0,-0.9185655235283415,-0.32595642912300177,-0.19
2010-10-22,1.3015999794006348,0.1960595214691997,1.797049112179124,0.4191138361921017,0.016009839244064978,0.19,0.0,-0.03840410042558888,-0.01280147903695217,0.0,0.29912306638767167,-0.340215473643459,-0.19
2010-10-25,1.2985999584197998,0.19530755386344945,1.797049112179124,0.418930225303165,0.01597117156327948,0.19,0.0,-0.23075320235064808,-0.3842778703172369,0.0,-0.043818911274671114,-0.24181661962443587,-0.19
2010-10-26,1.2939000129699707,0.19462410970482172,1.797049112179124,0.4176969891391286,0.016008661451587112,0.19,0.0,-0.362580570929123,-0.3505459660466077,0.0,-0.2948116044897086,0.2344596700308614,-0.19
2010-10-27,1.297600030899048,0.1950838137250383,1.797727795303132,0.4176241597492719,0.015953379925885025,0.19,0.0,0.285550482776513,0.23592244642830243,0.03775940201791187,-0.017437458668001737,-0.3459202131331955,-0.19
2010-10-28,1.3042999505996704,0.19556480470868634,1.797076117364881,0.41978048548041524,0.015968608050473433,0.19,0.0,0.5150032327653659,0.2462526188566593,-0.036256661627262037,0.5150032327653659,0.09540837967131889,-0.19
2010-10-29,1.3042999505996704,0.1953568458255054,1.797076117364881,0.42067405439988187,0.015968608050473433,0.2,0.0,0.0,-0.10639415980862083,0.0,0.21263952153494914,0.0,-0.19
2010-11-01,1.2920299768447876,0.19397811146508215,1.797076117364881,0.4190956427456688,0.016068825775277008,0.2,0.0,-0.9451853535624034,-0.7082539586965192,0.0,-0.37591580604170144,0.6256309555691887,-0.2
2010-11-02,1.2910000085830688,0.19317961032909103,1.7958990944812996,0.41824603110726416,0.01602552215028484,0.2,0.0,-0.07974884706075018,-0.4124945588119269,-0.06551800979894763,-0.20293076446558858,-0.2698521956000363,-0.2
2010-11-03,1.2871999740600586,0.19302401675844552,1.7958990944812996,0.4205161477758959,0.015956760868586543,0.2,0.0,-0.2947821969080128,-0.08057592842259396,0.0,0.5413029506618976,-0.4299967429202001,-0.2
2010-11-04,1.2854000329971311,0.19285242572974637,1.7958990944812996,0.417853205087565,0.015859345892637242,0.19,0.0,-0.13993169180544499,-0.08893574269669605,0.0,-0.6352693201065982,-0.6123645554383275,-0.2
2010-11-05,1.2826999425888062,0.19282052305789368,1.7958990944812996,0.41598831868774905,0.015879715844821125,0.18,0.0,-0.2102793060175395,-0.016543899190101664,0.0,-0.44730070546892114,0.12835889825084354,-0.19
2010-11-08,1.284000039100647,0.1932047333861271,1.7958990944812996,0.41395320576066275,0.015824501463632686,0.18,0.0,0.10130491544029588,0.1990597499456049,0.0,-0.4904241916108888,-0.348309730991489,-0.18
2010-11-09,1.2890000343322754,0.19321862232425957,1.7877947526508817,0.41365809960939937,0.015895919256935138,0.17,0.0,0.38865148718777554,0.007188456874165068,-0.45229062480098836,-0.0713151601133884,0.45029613325589907,-0.18
2010-11-10,1.2899999618530271,0.19446746703329007,1.7765902637595443,0.41937580372291067,0.0158121172175299,0.17,0.0,0.0775438210419425,0.6442578482647194,-0.6286933507469262,1.372763792974778,-0.5285867170895386,-0.17
2010-11-11,1.2867000102996826,0.1942335345414168,1.7725094056154944,0.4153592883615669,0.015652522663627925,0.17,0.0,-0.25613795887487933,-0.12036630683691632,-0.2299659250321212,-0.9623523432950856,-1.0144462047567289,-0.17
2010-11-12,1.2905999422073364,0.19510203883033247,1.7579272648875133,0.41493054211482894,0.015660719389104103,0.19,0.0,0.3026372526379972,0.4461476366049192,-0.8260861199248628,-0.10327629439959064,0.05235309489570723,-0.17
2010-11-15,1.297029972076416,0.1956835885272759,1.7760478897906182,0.41221354726673737,0.01572729420247434,0.21,0.0,0.496983209871945,0.2976312768601506,1.025518455568037,-0.6569604147622132,0.4242059664644648,-0.19
2010-11-16,1.3050999641418457,0.19675565839305928,1.7716449853265885,0.41640607622760994,0.01569346485067719,0.21,0.0,0.6202624877303051,0.5463635663794455,-0.2482123949010805,1.0119395242253566,-0.21533130254086738,-0.21
2010-11-17,1.3043500185012815,0.19674938317575777,1.7596390488354243,0.41688508495452836,0.01564344041097714,0.2,0.0,-0.057479213336156285,-0.0031893961393848133,-0.679978310150381,0.11496792525679891,-0.3192688095714442,-0.21
2010-11-18,1.2999999523162842,0.1959808822317932,1.7620189616489768,0.4182081231207807,0.015643802360852374,0.2,0.0,-0.3340618794866551,-0.3913637387054525,0.13515867632611842,0.3168602643166286,0.0023137217804070037,-0.2
2010-11-19,1.2950999736785889,0.19553400554934938,1.7687549411710677,0.4172358039560278,0.01550275268716058,0.21,0.0,-0.3776335864149368,-0.22828091112483467,0.38155871090870164,-0.2327671725765303,-0.9057222392886057,-0.2
2010-11-22,1.294800043106079,0.1953530605888968,1.7796225973840762,0.41732740358133497,0.015509373344192477,0.19,0.0,-0.02316155619188086,-0.0925817142863223,0.612544188175157,0.02195151304243712,0.0426972154426712,-0.21
2010-11-23,1.2989000082015991,0.1958445829916167,1.7667542527057236,0.4154220230846715,0.015594909279913954,0.2,0.0,0.316148238372564,0.2512912178476541,-0.7257210217902785,-0.4576127609789017,0.5499959756265859,-0.19
2010-11-24,1.3138999938964844,0.19804650799072185,1.7588315362527283,0.41909350288625585,0.015778981832348472,0.2,0.0,1.1482050274930329,1.118049119062536,-0.44944189497502995,0.8799125662418692,1.1734257882978656,-0.2
2010-11-25,1.3061000108718872,0.19658338356008456,1.7446769402890396,0.41779157676652023,0.015638171256803036,0.2,0.0,-0.5954203095026621,-0.7415206836335118,-0.808028470452272,-0.31113642761077087,-0.8963989704939337,-0.2
2010-11-26,1.3087999820709229,0.19712327046437167,1.7459046841824488,0.415663601659927,0.015649886703989244,0.2,0.0,0.20650672422082872,0.2742586325008932,0.0703460956438661,-0.5106404724935281,0.07488766319983652,-0.2
2010-11-29,1.3182400465011597,0.19799339861996537,1.7450888025556424,0.41882129643348537,0.015664057450139275,0.2,0.0,0.7186875692848603,0.44044183923560176,-0.04674208902196927,0.7568045514675923,0.09050758376285835,-0.2
2010-11-30,1.3208999633789062,0.19861664521299718,1.7308977188286008,0.41600528137101794,0.015677593916333284,0.2,0.0,0.201574586300337,0.3142871017715528,-0.8165257537471956,-0.6746373002246808,0.08638004984113348,-0.2
2010-12-01,1.320099949836731,0.19829954635611857,1.715083688198746,0.41840192228042744,0.015775949803894896,0.2,0.0,-0.060584141835218944,-0.15978129946676523,-0.9178309327925859,0.5744551316562133,0.6254062119135317,-0.2
2010-12-02,1.310099959373474,0.19691275325075186,1.719494327295194,0.4154167841926,0.015573623649463048,0.19,0.0,-0.760401413773908,-0.7017994119265056,0.2568374630672813,-0.7160191581774146,-1.2907924500551644,-0.2
2010-12-03,1.3070000410079956,0.19650294681537542,1.7273280862128217,0.41701231603613265,0.015606156878712314,0.18,0.0,-0.2368973149488726,-0.20833260265379328,0.45455039256404656,0.38334407026160544,0.20868165525530358,-0.19
2010-12-06,1.301300048828125,0.19558716520863892,1.7458209665201139,0.4144927820187352,0.015719981493326353,0.18,0.0,-0.43706636946030614,-0.46712898077286985,1.0649157171724972,-0.606019550406644,0.7267101625626526,-0.18
2010-12-07,1.305799961090088,0.19671587207575375,1.735005753197072,0.41322782456406937,0.015795330712618873,0.17,0.0,0.3452047649490273,0.5754276027919,-0.621418358183871,-0.30564865230767624,0.4781762108101279,-0.18
2010-12-08,1.3097000122070312,0.1973717870962438,1.7346559336692735,0.41714177753937015,0.01568897651648149,0.17,0.0,0.2982262701061325,0.3328780340591312,-0.020164474842486343,0.9427083918769767,-0.6756038803688129,-0.17
2010-12-09,1.3144999742507937,0.19763053590251256,1.7418208086827038,0.41992778818273147,0.01563020211772401,0.16,0.0,0.36582329255059265,0.13101130206730624,0.4121923250951441,0.6656605483886382,-0.3753257289399396,-0.17
2010-12-10,1.310230016708374,0.19717532286970577,1.735013349096846,0.418162955705492,0.015632218038689666,0.16,0.0,-0.3253638525866848,-0.2306010533611142,-0.3915900486411997,-0.4211560857136829,0.012896768441872458,-0.16
2010-12-13,1.3083000183105469,0.1968167623334714,1.726581629193788,0.4173072836950767,0.015580008156991468,0.17,0.0,-0.14741085429658188,-0.18201413109072057,-0.4871590484351259,-0.20483609570909775,-0.3345479432725769,-0.16
2010-12-14,1.303320050239563,0.19579953283370166,1.745860843484337,0.4159974762483188,0.015619846741433024,0.19,0.0,-0.3813704885191532,-0.5181811292298096,1.1104237171571887,-0.3143648250684065,0.25537686776199237,-0.17
2010-12-15,1.3021999597549438,0.19596688690635297,1.7398623575847694,0.4128332657979048,0.015541233387355528,0.2,0.0,-0.08597827299906888,0.08543564450573153,-0.34417487992445395,-0.7635396860854363,-0.504562232969737,-0.19
2010-12-16,1.3166699409484863,0.19814446120809512,1.7411661790162611,0.42119960699831,0.015624606733394258,0.2,0.0,1.1050666122957251,1.105066612295747,0.0749101295064452,2.0063050535705504,0.5350315897270649,-0.2
2010-12-17,1.3148000240325928,0.19753605722733525,1.7407883366724661,0.420951538526539,0.01564306931937815,0.2,0.0,-0.14211959517043618,-0.3075230808131785,-0.021702888051848362,-0.05891305385358984,0.11809376621669088,-0.2
2010-12-20,1.315000057220459,0.1978633878024967,1.7311970373296506,0.41831023751302027,0.015652898747556956,0.21,0.0,0.01521280569408554,0.16556960514372882,-0.5524979346288089,-0.6294364426931964,0.06281594153593413,-0.2
2010-12-21,1.3169000148773191,0.1975903225697979,1.7275124262825157,0.41918132782366,0.0157202367925488,0.2,0.0,0.14437918878809455,-0.13810227034737327,-0.21306284785009363,0.20802373679269937,0.42927267063714963,-0.21
2010-12-22,1.3134000301361084,0.19754832472262795,1.7192450434346256,0.42058408579709244,0.015674901727954497,0.19,0.0,-0.2661283311419372,-0.02125727139871283,-0.47972036184187233,0.3340836036786685,-0.2888032876512669,-0.2
2010-12-23,1.305500030517578,0.19672995776800833,1.7122209669059882,0.4200180167796601,0.015623504890628295,0.19,0.0,-0.6033085186638603,-0.4151220932930679,-0.40939273872465365,-0.13468181943968388,-0.3284313105953458,-0.19
2010-12-24,1.305299997329712,0.19665537248041393,1.713486800300501,0.4302099381593718,0.015722718021077237,0.19,0.0,-0.015323516632742775,-0.03791971014325017,0.07390201022057873,2.3975710368781,0.6330170114981228,-0.19
2010-12-27,1.3016899824142456,0.19611149074494072,1.7025792661508776,0.42233867119910296,0.015698332137814,0.19,0.0,-0.27694906777089756,-0.27694906777089756,-0.6386042310804905,-1.846578725979612,-0.15522007085092798,-0.19
2010-12-28,1.29830002784729,0.1960467603420146,1.7124128610265643,0.41876592491572145,0.01569511615919019,0.18,0.0,-0.2607668856058972,-0.033012388919304934,0.5759089150887462,-0.8495418495122031,-0.02048821527747834,-0.19
2010-12-29,1.299299955368042,0.19638753338977155,1.7002983953416617,0.4222893622527951,0.015776627216879308,0.18,0.0,0.07698857226696107,0.17367143435353272,-0.7099643456793495,0.8378659532807522,0.5179963434112469,-0.18
2010-12-30,1.2921299934387207,0.1954101359120019,1.7087824469151656,0.4203826053177653,0.015831434896073356,0.19,0.0,-0.553360913997482,-0.4989307399687149,0.49773352298151713,-0.452550995558248,0.3467959150927466,-0.18
2010-12-31,1.2881200313568115,0.19480370525919855,1.7133584737581768,0.42620521763002167,0.015809032625023794,0.13,0.0,-0.31081990285394934,-0.31081990285394934,0.2674366530477551,1.375570015698584,-0.14160520718002118,-0.19
2011-01-03,1.2824000120162964,0.19455064376561598,1.7130186896619506,0.41844228106694087,0.015808093816168114,0.19,0.0,-0.4450483703898152,-0.1299903441944787,-0.01983343228921434,-1.8381999979489516,-0.005938609618442431,-0.13
2011-01-04,1.2848999500274658,0.19527355090055554,1.716220536468171,0.4199980298689941,0.015732826972390503,0.18,0.0,0.19475237317702673,0.37088922315037676,0.18673807952830476,0.37110586579300553,-0.47726562678810075,-0.19
2011-01-05,1.2869800329208374,0.19508564637057324,1.714396117600785,0.419444001316924,0.01568760819770694,0.18,0.0,0.16175586424768432,-0.0962726359768223,-0.10636099706531009,-0.1319992594917966,-0.28783055140523944,-0.18
2011-01-06,1.29229998588562,0.19647282586356096,1.7002605208781743,0.4195642871717322,0.015534505035836754,0.17,0.0,0.4125151569486023,0.7085456680477016,-0.827941369640581,0.028673341439563536,-0.9807432822887114,-0.18
2011-01-07,1.2969000339508057,0.1960099831317907,1.6833675578795069,0.42190703684229836,0.015569027448234149,0.17,0.0,0.3553261910886439,-0.23585386963052027,-0.998520107031008,0.5568236627524127,0.22198396012657845,-0.17
2011-01-10,1.2955000400543213,0.19576880599323976,1.6705567197530797,0.4216299184212074,0.015602794882581017,0.17,0.0,-0.10800755999207502,-0.12311905376748615,-0.7639349829584458,-0.06570392188063442,0.2166536636637103,-0.17
2011-01-11,1.2975000143051147,0.19581950324448613,1.682203158209262,0.43170852788053543,0.01568734165962163,0.17,0.0,0.15425951449757652,0.025893138448541908,0.6947401975903983,2.3622697842206746,0.5404066082272363,-0.17
2011-01-12,1.2939000129699707,0.19574886336379393,1.6799969036895845,0.42485634409871553,0.015525558793211724,0.16,0.0,-0.2778423719337247,-0.03608048426913908,-0.13123876008112703,-1.5999558649233196,-1.0366503137156702,-0.17
2011-01-13,1.2881200313568115,0.19534136136709418,1.6910898009405457,0.42173984281687843,0.015506440785951628,0.16,0.0,-0.44771079764392957,-0.20839290700951063,0.6581223362853986,-0.7362460185150943,-0.12321481011917704,-0.16
2011-01-14,1.2851500511169434,0.19484665654775438,1.7160960594759445,0.4219555505177778,0.015528262185602751,0.16,0.0,-0.2308332560088644,-0.2535726684069311,1.4678804480196828,0.051134024744849974,0.14062582308083746,-0.16
2011-01-17,1.2870999574661257,0.1956316874942291,1.722172347258635,0.4207446615739711,0.015528369241906767,0.16,0.0,0.1516109799730698,0.4020873454895953,0.3534508298760072,-0.28738328525790935,0.000689426374317216,-0.16
2011-01-18,1.288100004196167,0.1956617474448582,1.7111014707755317,0.4211541548168698,0.015581226959311065,0.19,0.0,0.07766750506369642,0.015364403286206895,-0.6449188408224497,0.09727850122096865,0.3398164857367468,-0.16
2011-01-19,1.2829999923706057,0.19514494410185834,1.7164108822798887,0.41937698659422495,0.015530431413763425,0.18,0.0,-0.3967187990573677,-0.264480447971516,0.3098116187042178,-0.42286853712636563,-0.32653733898185144,-0.19
2011-01-20,1.2833000421524048,0.19524701226810803,1.7263041689235195,0.42776668071746826,0.015620474240403706,0.18,0.0,0.023383842818831796,0.052290098148767006,0.5747390492563634,1.9807663679051766,0.5781088897798332,-0.18
2011-01-21,1.2869999408721924,0.19569381234080596,1.7333331689818579,0.43179221956841646,0.015520983710708664,0.17,0.0,0.28789645564755273,0.22857692986115852,0.40634373163610793,0.9366590888942322,-0.6389608883662178,-0.18
2011-01-24,1.2831000089645386,0.1951898571563078,1.7475213204644717,0.41997249508718215,0.01553653199965043,0.18,0.0,-0.3034850766175546,-0.25785444778243544,0.815215350220885,-2.77552780728031,0.10012578202146674,-0.17
2011-01-25,1.280400037765503,0.19481468255620815,1.74698471749349,0.4211011023820608,0.015512103421359476,0.17,0.0,-0.21064732968081845,-0.1923950506343264,-0.030711234684999453,0.26837317820130985,-0.15735688863862823,-0.18
2011-01-26,1.2798099517822266,0.19471898086303277,1.7515567627067412,0.4280300828428808,0.0155581074464688,0.17,0.0,-0.04609668707913503,-0.049136546639302794,0.26136879278989567,1.6320527100516502,0.2961296846264066,-0.17
2011-01-27,1.2781399488449097,0.19448264510828708,1.752340906051728,0.42013671410900005,0.015556149574776152,0.17,0.0,-0.13057356394505226,-0.12144645244170245,0.04475834811439959,-1.861331203392513,-0.012585045459346432,-0.17
2011-01-28,1.2793999910354614,0.19467734023263072,1.7557293379786643,0.41929668356503474,0.015435844339276594,0.17,0.0,0.09853549286595129,0.10005917767567613,0.193179311985267,-0.20014234046483925,-0.7763672134926011,-0.17
2011-01-31,1.287350058555603,0.19586915385693596,1.7472889832966132,0.42079890215073157,0.015682370443927632,0.17,0.0,0.6194676372475714,0.6103331316463432,-0.48189134291557795,0.3576307773426372,1.5844820408224392,-0.17
2011-02-01,1.2788000106811523,0.19391035536616782,1.7537268200011342,0.4191138067427952,0.01558182058530945,0.18,0.0,-0.6663740843515791,-1.005088740820867,0.3677700600318359,-0.4012554283349549,-0.6432292152147441,-0.17
2011-02-02,1.270550012588501,0.19295195869805667,1.7571603886358673,0.41906066899378847,0.01561044870675429,0.18,0.0,-0.6472259059595886,-0.4954727270834524,0.19559555892050992,-0.012679400438966032,0.1835591326496465,-0.18
2011-02-03,1.2721500396728516,0.1942658666588996,1.7578416785668196,0.41749532724320493,0.015610544448553334,0.17,0.0,0.12585261829182554,0.6786428297115573,0.03876469637617058,-0.3742352178538408,0.0006133168062236053,-0.18
2011-02-04,1.274049997329712,0.19455600297090264,1.7358339798368263,0.4191919231537994,0.01560379636889416,0.17,0.0,0.14923870724095348,0.14923870724095348,-1.2598759579078216,0.40555135389997166,-0.043237048020746134,-0.17
2011-02-07,1.2752000093460083,0.19473161753997612,1.7310798535380059,0.4297074953782099,0.015509608251196558,0.17,0.0,0.09022356311046065,0.09022356311046065,-0.2742571351487737,2.477586837523266,-0.6054522580898851,-0.17
2011-02-08,1.2735199928283691,0.19435338810831013,1.7309610880840864,0.4183430840440779,0.015476187220140882,0.16,0.0,-0.1318321949468353,-0.19442000864326903,-0.006861008056736004,-2.6802862812629016,-0.21571848330850393,-0.17
2011-02-09,1.272629976272583,0.19445794189807059,1.7342063267182368,0.4202595646345292,0.015462740781816637,0.15,0.0,-0.06991077531463731,0.05378124772179043,0.18730636615582372,0.4570660323796245,-0.0869224633123526,-0.16
2011-02-10,1.2728999853134155,0.19344396029473146,1.7465457607814443,0.41735793382971886,0.01544425442081204,0.15,0.0,0.021214367610651305,-0.5228043003423156,0.7090126182390702,-0.6928323290873474,-0.11962575519196134,-0.15
2011-02-11,1.2782000303268433,0.19441782858174003,1.7385982948104157,0.41996320006667825,0.015337174063993906,0.15,0.0,0.4155111603896939,0.5021738988013267,-0.4560775463112005,0.6222880418835137,-0.6957493140469337,-0.15
2011-02-14,1.2826999425888062,0.19494512256500382,1.7329332177110075,0.4206263149376922,0.015371985269592542,0.15,0.0,0.3514324605327941,0.27084975807859707,-0.3263736542596736,0.15777379963294128,0.22671555499954002,-0.15
2011-02-15,1.2819000482559204,0.19466084374971715,1.7281405425327279,0.42037778249148894,0.015368108296094002,0.16,0.0,-0.062379658557227394,-0.1459314745231735,-0.2769474777825079,-0.059103743774347045,-0.02522421417365846,-0.15
2011-02-16,1.2811000347137451,0.19465464046445943,1.729299981949083,0.42201139762825474,0.015302928740131073,0.15,0.0,-0.06242790029334895,-0.0031867652378471684,0.0670692352685545,0.38785331606667445,-0.425024129479991,-0.16
2011-02-17,1.278499960899353,0.19434225740131936,1.7356066214119181,0.42051771408621524,0.015291232526806905,0.15,0.0,-0.20316258111940122,-0.1606095740117382,0.3640298079738858,-0.3545717497870522,-0.07646043172706515,-0.15
2011-02-18,1.2756999731063845,0.194061180550075,1.7382713289734115,0.4213150967016913,0.015316364018295527,0.15,0.0,-0.21924586852342334,-0.14473450687959658,0.1534140302098376,0.18943971860550232,0.1642173837422004,-0.15
2011-02-21,1.2726000547409058,0.193831406120961,1.7451763560202807,0.4200416006852026,0.01531776632996194,0.15,0.0,-0.24329316490824737,-0.11847323918291208,0.3964483876447139,-0.3027246334387536,0.009155224264251086,-0.15
2011-02-22,1.2755000591278076,0.19443895435283015,1.7451804680995053,0.420069827966285,0.015355260035083862,0.15,0.0,0.2276210124732956,0.31295138108458187,0.000235625148485305,0.006719889798036303,0.24447358633515903,-0.15
2011-02-23,1.2803000211715698,0.1949002993643163,1.7506461413675822,0.4208329313714511,0.01547003368927033,0.15,0.0,0.37561370501093766,0.23698880757857163,0.31269730065381096,0.18149628031775833,0.7446753669362253,-0.15
2011-02-24,1.2763999700546265,0.19439536597941887,1.7568440624531405,0.41760182809680896,0.015483149945943265,0.15,0.0,-0.3050850045264781,-0.25940883138543613,0.3534109677497004,-0.7707503138695745,0.08474900425470107,-0.15
2011-02-25,1.274999976158142,0.19422652209809227,1.7620474962711796,0.4182110200259244,0.015539873751448755,0.15,0.0,-0.10974320502516093,-0.08689366046038591,0.29574299314474023,0.14577235522504764,0.36568884627071324,-0.15
2011-02-28,1.274500012397766,0.19419472392742337,1.750446445028487,0.4190366510056928,0.015614662550116329,0.16,0.0,-0.03922053493071631,-0.01637303369230909,-0.6605616191830371,0.1972250926365685,0.4801159074071091,-0.15
2011-03-01,1.2705999612808228,0.19370377607474817,1.7561608653399219,0.41789179160216106,0.015519157038718107,0.15,0.0,-0.3064755184434701,-0.2531322574446513,0.3259233135708211,-0.2735861417409623,-0.6135181113774971,-0.16
2011-03-02,1.2734299898147583,0.19409084209545552,1.753745931570947,0.41978902529437645,0.015548974932309598,0.16,0.0,0.22248399238247574,0.19962430168392,-0.13760673942505638,0.4529737097904444,0.19195169361804212,-0.15
2011-03-03,1.2690000534057615,0.1933655497112943,1.7596650835539547,0.4194348136194019,0.015508139120738135,0.15,0.0,-0.34848084838075716,-0.3743870260880289,0.3369464920375802,-0.08441411685028927,-0.26297250307861675,-0.16
2011-03-04,1.2676000595092771,0.1931610517099187,1.76942737279262,0.41891672124368784,0.015389659806630356,0.15,0.0,-0.11038350361244781,-0.10581316768577763,0.5532478539462286,-0.12359789900157567,-0.766914789565748,-0.15
2011-03-07,1.2668999433517456,0.19315443518896827,1.7724829429818953,0.418049817014425,0.015385641859869978,0.14,0.0,-0.0552468869243414,-0.0034254494968330293,0.17253801902812863,-0.20715393021025102,-0.02611150218281218,-0.15
2011-03-08,1.2656999826431274,0.19333994391145287,1.7674164832693293,0.41725455203103795,0.015380595750004843,0.14,0.0,-0.09476118087942335,0.09599556772966389,-0.2862489897016425,-0.1904132800310781,-0.03280290540799104,-0.14
2011-03-09,1.267799973487854,0.1933417650457345,1.7619835066687273,0.4181536340767384,0.015311593318364486,0.14,0.0,0.16577788529917636,0.000941929364367078,-0.30786994431988524,0.215243855104946,-0.4496424008285823,-0.14
2011-03-10,1.267899990081787,0.19355774464938547,1.7626614940444938,0.4174843644276333,0.015306701281844753,0.14,0.0,0.007888677321606268,0.1116463684618623,0.03847124371341579,-0.1601817517645184,-0.031954990473746094,-0.14
2011-03-11,1.2731000185012815,0.1939725431949084,1.7570422295684833,0.4203870168784044,0.015353723313956973,0.13,0.0,0.40929048887140485,0.21407292123625005,-0.3193035375430602,0.6928662626922286,0.3067281004631692,-0.14
2011-03-14,1.2692999839782717,0.19332876795601903,1.768714109828409,0.4184551532071085,0.01561561976959761,0.14,0.0,-0.2989330828424826,-0.33244185509221713,0.662094698250347,-0.4606032351849256,1.6913674813818595,-0.13
2011-03-15,1.267699956893921,0.19323516174696667,1.773775857442189,0.4136457085937815,0.015493766336131058,0.14,0.0,-0.12613538303350913,-0.04842987339964485,0.2857736284557939,-1.1559892295790049,-0.7833909433759914,-0.14
2011-03-16,1.2768000364303589,0.19456297434667771,1.7857592966340265,0.4177053816518546,0.015752073138029014,0.14,0.0,0.7152775286788166,0.6847984376877845,0.6733173825320389,0.976652433606037,1.6534213250932017,-0.14
2011-03-17,1.2848999500274658,0.19582112735329152,1.784062870531983,0.4214721405078927,0.01623824659775644,0.14,0.0,0.632387916918277,0.644574078315417,-0.09504261838848166,0.8977323758552407,3.039737636528136,-0.14
2011-03-18,1.2773799896240234,0.19450906837921042,1.7925371969124626,0.41904667452504973,0.016067672825459414,0.15,0.0,-0.5869758318095262,-0.6722840969713718,0.47387698254869576,-0.5771370424763407,-1.0560006367214718,-0.14
2011-03-21,1.2726000547409058,0.19401165333763107,1.7925371969124626,0.42084726388290106,0.015708202978811727,0.14,0.0,-0.3749002265476677,-0.2560560019321985,0.0,0.4287665463517313,-2.2626295784345176,-0.15
2011-03-22,1.2656999826431274,0.1930892472599685,1.7994541157483468,0.416842296604357,0.015585710799921009,0.14,0.0,-0.5436779728560893,-0.476572295261517,0.3851305186140756,-0.956200956200919,-0.7828538503960019,-0.14
2011-03-23,1.264299988746643,0.19324417043344333,1.7912751729432301,0.41760529301073257,0.015601129899103216,0.14,0.0,-0.11067146681507836,0.08020180221742584,-0.4555596533541749,0.18287466547039907,0.0988820931710917,-0.14
2011-03-24,1.2634999752044678,0.19295968271831557,1.782288479399199,0.41729966989287937,0.015624420662907397,0.13,0.0,-0.06329722132249498,-0.14732518293752236,-0.5029552213168759,-0.07321147797260324,0.14917762988482702,-0.14
2011-03-25,1.2608400583267212,0.19247997473174316,1.7868542252307404,0.4176211715006756,0.015563236715587748,0.13,0.0,-0.2107416454875823,-0.2489148301083311,0.2558456581810809,0.07701367788355847,-0.39236051024515983,-0.13
2011-03-28,1.2619999647140503,0.19267174472745519,1.770085275510482,0.41668039670671114,0.015494358475705957,0.13,0.0,0.09195243919261012,0.09958154247820274,-0.9428934033459102,-0.2255240139907761,-0.44355238956945203,-0.13
2011-03-29,1.2627500295639038,0.1926539033825865,1.7779201193067706,0.4178524151162425,0.015444593891520203,0.13,0.0,0.05941696196615774,-0.009260398298915645,0.44164851287079665,0.2808803113474207,-0.32169561859806345,-0.13
2011-03-30,1.260699987411499,0.192388105827304,1.7789913735850291,0.4176577604672546,0.015297714380275464,0.13,0.0,-0.16247935085818385,-0.13806160945797108,0.06023508388044663,-0.046595399600916625,-0.9555601848068057,-0.13
2011-03-31,1.2610000371932983,0.1925602417753493,1.7806961305838342,0.4162952895741712,0.015165363969366078,0.1,0.0,0.02379742081037236,0.08943327622556536,0.09578128007799307,-0.32675031411562055,-0.8689288858807882,-0.13
2011-04-01,1.26010000705719,0.19280850699955793,1.7841366840504946,0.41740370381602415,0.015116362737894606,0.11,0.0,-0.07139979838536782,0.12884555862076064,0.19302753951420215,0.2659028987012336,-0.3236359320930812,-0.1
2011-04-04,1.2598999738693235,0.1926688290304816,1.7919979129343628,0.41664736284880505,0.014959629014581545,0.09,0.0,-0.01587564998416868,-0.07247013618387502,0.43965020517502024,-0.18136567526160988,-1.0422608400909859,-0.11
2011-04-05,1.2604000568389893,0.19301684783192083,1.792301265146051,0.41659230943870407,0.014981577296887202,0.09,0.0,0.039684400280556364,0.18046762779698808,0.016926723877712067,-0.013214303642055227,0.1466092314964805,-0.09
2011-04-06,1.260200023651123,0.19297144723455986,1.7918895732530018,0.417022419425935,0.014798026884207727,0.1,0.0,-0.015871870340278045,-0.023524339028220247,-0.02297265482904805,0.10319156092253369,-1.2327412815532635,-0.09
2011-04-07,1.2598999738693235,0.192769053167657,1.7918895732530018,0.41670249319519376,0.014766760177868977,0.1,0.0,-0.023812529940283073,-0.10493794935445856,0.0,-0.07674623646267287,-0.21151322977438197,-0.1
2011-04-08,1.260200023651123,0.1928562723891407,1.7918895732530018,0.4187406587371793,0.014832862961758647,0.09,0.0,0.023812529940289345,0.04523521521570466,0.0,0.4879253796838834,0.44664686080673327,-0.1
2011-04-11,1.2568999528884888,0.19258702128239413,1.7918895732530018,0.41601294829150715,0.014780102767602311,0.09,0.0,-0.26221228272241115,-0.13970986392182577,0.0,-0.6535389919550187,-0.35633209091124735,-0.09
2011-04-12,1.256100058555603,0.19243202285604083,1.7918895732530018,0.4159960428595985,0.014842255693265695,0.08,0.0,-0.06366051382866408,-0.08051468470784082,0.0,-0.004063761832083134,0.4196358433235474,-0.09
2011-04-13,1.256100058555603,0.19230828616332,1.7918895732530018,0.41481458764868784,0.015025120591891358,0.08,0.0,0.0,-0.06432219036388616,0.0,-0.28441042132068073,1.224527938949823,-0.08
2011-04-14,1.2554999589920044,0.19245212277205984,1.7918895732530018,0.4163902894557577,0.014985140207191936,0.09,0.0,-0.047786237523931414,0.07476684819955458,0.0,0.37913725916841823,-0.2664449244195557,-0.08
2011-04-15,1.2554999589920044,0.19245212277205984,1.7918895732530018,0.4163902894557577,0.014985140207191936,0.12,0.0,0.0,0.0,0.0,0.0,0.0,-0.09
2011-04-18,1.2425999641418457,0.19057112372360646,1.7909543348143302,0.4118387799846607,0.014944615160020274,0.1,0.0,-1.032793716272445,-0.9821932153510909,-0.05220648646219403,-1.0991054187097626,-0.2708012239976449,-0.12
2011-04-19,1.2482000589370728,0.19147403315191933,1.7754324699201192,0.41351665458579184,0.015160201915234345,0.11,0.0,0.44966309453591685,0.4726724540929713,-0.870458744459226,0.40658287139302834,1.4322654084875694,-0.1
2011-04-20,1.2431000471115112,0.19059228977616588,1.7823501567525426,0.41256516037489577,0.015053281902980489,0.1,0.0,-0.4094263021515893,-0.4615664287864952,0.3888767963672315,-0.2303632919743666,-0.7077665007353537,-0.11
2011-04-21,1.2382999658584597,0.19006322746995344,1.7972684743188696,0.41116313073519334,0.015020620198775153,0.1,0.0,-0.38688540463242893,-0.2779745060369546,0.8335191804010575,-0.34041103327947647,-0.2172097051877887,-0.1
2011-04-22,1.235100030899048,0.18957207832770334,1.7976858946877885,0.4103186196196614,0.01508113829608053,0.1,0.0,-0.25874801883380794,-0.25874801883380794,0.02322256851955474,-0.2056068592334796,0.40209065428640994,-0.1
2011-04-25,1.2335000038146973,0.1902375022558574,1.7956182094314954,0.41022314484636,0.01506656849191561,0.1,0.0,-0.12963033994236053,0.3503990646936043,-0.11508547145440637,-0.023271155196922952,-0.09665614304721849,-0.1
2011-04-26,1.2353999614715576,0.19053052471059206,1.7956182094314954,0.4154839285966292,0.015095308122583419,0.09,0.0,0.15391130127886934,0.15391130127886934,0.0,1.2742666508502167,0.19056930530457536,-0.1
2011-04-27,1.2317999601364136,0.18898724466635408,1.7956182094314954,0.41733294787004876,0.015112069980184972,0.09,0.0,-0.2918291183898333,-0.8132892187438368,0.0,0.4440405481183293,0.11097857791489056,-0.09
2011-04-28,1.229099988937378,0.1890399547115446,1.7956182094314954,0.4165593529843492,0.014951826594161867,0.09,0.0,-0.21942966705340788,0.027886906349004616,0.0,-0.18553837391918349,-1.066028837294334,-0.09
2011-04-29,1.2267999649047852,0.18870942602404284,1.7956182094314954,0.4141096794640366,0.015047221676351965,0.09,0.0,-0.18730605873715694,-0.17499897482866122,0.0,-0.5898090638058571,0.6359895345800458,-0.09
2011-05-02,1.223099946975708,0.18870922092883557,1.7956182094314954,0.4119985094320984,0.015057800811246047,0.09,0.0,-0.3020548492036354,-0.0001086831341885542,0.0,-0.5111133520463136,0.07028153082365465,-0.09
2011-05-03,1.2228000164031982,0.18835489787480617,1.7956182094314954,0.41029427811400127,0.015062823500940986,0.09,0.0,-0.02452517098032145,-0.18793788146408405,0.0,-0.41450777242265047,0.033350502230202056,-0.09
2011-05-04,1.2278000116348269,0.1888342108594202,1.7956182094314954,0.41224858900522393,0.015163827943960716,0.09,0.0,0.40806350384173784,0.2541500968687905,0.0,0.47518850306112453,0.6683162979380698,-0.09
2011-05-05,1.2308000326156616,0.18957259378636182,1.7956182094314954,0.40951588773614683,0.015262897345379401,0.09,0.0,0.24404314778949726,0.3902592950345124,0.0,-0.6650838335136491,0.6512021952717261,-0.09
2011-05-06,1.2395000457763672,0.19115992529274034,1.7956182094314954,0.4079852684455393,0.01541340821715118,0.09,0.0,0.704371845911239,0.8338351067142922,0.0,-0.37446334298057876,0.981292087016159,-0.09
2011-05-09,1.2352999448776243,0.1905591870943482,1.7730220256947005,0.4159399270896226,0.015300863665044502,0.09,0.0,-0.3394298486457334,-0.31475431795708747,-1.2663919159945236,1.9309776797978795,-0.7328518562454925,-0.09
2011-05-10,1.2310999631881714,0.18960418256613445,1.7698390135725364,0.4138151269420697,0.015342339582993225,0.09,0.0,-0.3405762168109812,-0.502419019463433,-0.1796860189153817,-0.5121522988465691,0.2707023997516656,-0.09
2011-05-11,1.2311999797821045,0.18966340577575674,1.7742934470639113,0.4118001169046892,0.015197935535474032,0.09,0.0,0.008123835138251325,0.031230303840377168,0.251369602369872,-0.4881242329977499,-0.9456700905206313,-0.09
2011-05-12,1.235200047492981,0.1902356448001617,1.755343401690297,0.410474547399279,0.015247500492788616,0.09,0.0,0.3243651616762686,0.30125869297413,-1.0737777433444033,-0.32241554099840924,0.32559889145283166,-0.09
2011-05-13,1.2381999492645264,0.19053627359806496,1.7629385974209697,0.4120602875526918,0.01527887383114881,0.09,0.0,0.24257323898069874,0.1579049535131142,0.43175660912513414,0.38557445851491545,0.20554913645108938,-0.09
2011-05-16,1.246399998664856,0.19215293913715445,1.7546774097720004,0.4080403321250576,0.015422497469046562,0.1,0.0,0.6600723935337215,0.8449023920991375,-0.4697046420321686,-0.9803644889677193,0.935623912149491,-0.09
2011-05-17,1.2502000331878662,0.19211089012045748,1.770044353885794,0.4204472936183922,0.015476220805159828,0.09,0.0,0.30441699984736653,-0.02188549307180059,0.8719577037723771,2.995310662291146,0.3477386328628676,-0.1
2011-05-18,1.2444000244140625,0.19156404867937904,1.7756342828070044,0.41039508745460845,0.015283527109646512,0.1,0.0,-0.4650059401131655,-0.2850547461215328,0.3153096557948753,-2.4198805744028764,-1.2529115438447729,-0.09
2011-05-19,1.2395000457763672,0.19054573773560923,1.7669280453799274,0.4111929550094081,0.015178604211661806,0.09,0.0,-0.394539623606418,-0.5329951708574462,-0.4915230360795607,0.19422575898922886,-0.6888770309954935,-0.1
2011-05-20,1.2372000217437744,0.19022140009033806,1.7711986750039161,0.41078424892172155,0.015140613222622425,0.1,0.0,-0.1857330020659471,-0.17036014482008985,0.2414063732303038,-0.0994446365211834,-0.2506067909230623,-0.09
2011-05-23,1.240399956703186,0.1912957583907404,1.749678983316258,0.40634213278023595,0.015174944814293682,0.1,0.0,0.2583093934865843,0.5632046246938487,-1.2224201890168807,-1.0872638556285752,0.22649496543125752,-0.1
2011-05-24,1.248729944229126,0.19199414334894663,1.752800236751881,0.40943307050667094,0.0152364036393432,0.1,0.0,0.669311683564486,0.364416452357218,0.17823113661862436,0.757795163540686,0.4041840420957812,-0.1
2011-05-25,1.247099995613098,0.19193536076886916,1.7582866674918731,0.4072429249677111,0.015199639826597897,0.09,0.0,-0.1306137747393914,-0.030621548959552495,0.3125206156998264,-0.536357331815345,-0.24158087871252726,-0.1
2011-05-26,1.2467000484466553,0.1920067830874901,1.7559649254692147,0.4109368102723849,0.015199580602835812,0.09,0.0,-0.0320753198175837,0.03720473023744278,-0.1321329619714882,0.9029581749438673,-0.000389640005563194,-0.09
2011-05-27,1.242799997329712,0.19149461342979207,1.7567070694371978,0.41146867231701745,0.015292236356155208,0.1,0.0,-0.31332028405570006,-0.2671020063284985,0.04225523932218804,0.1293430382070728,0.6077436358241305,-0.09
2011-05-30,1.2359000444412231,0.19068999611685114,1.7670103664166275,0.4114044172157558,0.015289926202119724,0.1,0.0,-0.5567410816005383,-0.42106274382727527,0.5847986696135259,-0.015617256709341137,-0.015107852726085712,-0.1
2011-05-31,1.2330000400543213,0.19046000885497877,1.7659443456209376,0.4114663538672527,0.015244808134587505,0.1,0.0,-0.2349228904680283,-0.12068072243726735,-0.06034726821770865,0.015053797945044646,-0.2955198487736263,-0.1
2011-06-01,1.232100009918213,0.19016823468248048,1.7776655777383323,0.4070366799152941,0.015126514254874015,0.1,0.0,-0.073021796913367,-0.1533119176531809,0.6615443075444702,-1.0823948150794709,-0.7789879965755581,-0.1
2011-06-02,1.2383999824523926,0.19117010668329437,1.776477219777405,0.4124562727232158,0.015308923102257128,0.1,0.0,0.51001709854164,0.5254516513395434,-0.06687170847735001,1.3226890612482733,1.1986752765433994,-0.1
2011-06-03,1.2327200174331665,0.190152405770268,1.7857225451569292,0.410769759148767,0.015224404086065072,0.11,0.0,-0.4597085550252399,-0.533775634073034,0.5190807225204579,-0.40973338271770404,-0.5536195354177731,-0.1
2011-06-06,1.2269999980926514,0.18965037543058547,1.7981711265506704,0.40760058142993016,0.015295437290220185,0.1,0.0,-0.4650959959200448,-0.2643638524597948,0.6946987047451538,-0.7745132989687186,0.4654895255965895,-0.11
2011-06-07,1.2302000522613523,0.19015969140063407,1.794000729408111,0.41006668408711744,0.01535446842347785,0.09,0.0,0.2604636099833582,0.2681952480010681,-0.2321937359054056,0.6032062768741665,0.3851966580211891,-0.1
2011-06-08,1.2263000011444092,0.18921462910809453,1.794000729408111,0.4071381032456905,0.01529624584199416,0.09,0.0,-0.3175293555062074,-0.49822257140542364,0.0,-0.7167342687593815,-0.3799105691801811,-0.09
2011-06-09,1.2315000295639038,0.1901930575601741,1.7982302651558368,0.407390250085141,0.015414946037957695,0.09,0.0,0.42314558658087825,0.5157674213989039,0.23548250146467808,0.06191235614420046,0.7730132226968326,-0.09
2011-06-10,1.2295000553131104,0.18985486213397446,1.784703385177579,0.4068497766541827,0.0153132400210913,0.09,0.0,-0.1625334922467722,-0.17797519625514122,-0.755076457832297,-0.1327553283029091,-0.6619745667765946,-0.09
2011-06-13,1.23580002784729,0.1909367640245106,1.7712231453668608,0.408016383877841,0.015382127012426208,0.1,0.0,0.5110928516152432,0.568239807495241,-0.7581880148942768,0.2863311982271281,0.4488436767007698,-0.09
2011-06-14,1.2343000173568726,0.19039025992958433,1.7794789826405262,0.40692997723736124,0.015394880997207205,0.1,0.0,-0.12145343486939146,-0.28663296056252735,0.4650264569488161,-0.26662056201268,0.08287995705803482,-0.1
2011-06-15,1.2295000553131104,0.1900397363078739,1.776631455180819,0.4048003196392912,0.01526570699449886,0.1,0.0,-0.3896394167458577,-0.1842776460164891,-0.1601484609714218,-0.5247216945418548,-0.8426111528908811,-0.1
2011-06-16,1.2373000383377075,0.1911714802131585,1.7547367217293441,0.4076502338626008,0.015297973298155862,0.1,0.0,0.6323989560360382,0.5937638669882217,-1.2400300910027116,0.7015629197836812,0.21114155975444326,-0.1
2011-06-17,1.2396999597549438,0.1914890275158758,1.7602623129175186,0.40815853386669354,0.015385282477996028,0.1,0.0,0.19377651756532602,0.16596819854410969,0.3144009819246667,0.12461255381768463,0.5691013764760893,-0.1
2011-06-20,1.2330000400543213,0.19080780879523274,1.761353120324543,0.4056054521219755,0.015397873214236545,0.09,0.0,-0.5419125730955775,-0.3563824635436148,0.06194926519306361,-0.627476802975934,0.08180276946593149,-0.1
2011-06-21,1.2346500158309937,0.19059122947945917,1.768687519996348,0.4074752565970146,0.01538811473921143,0.09,0.0,0.1337285259414467,-0.11357099379832596,0.4155425374971097,0.4599316528103704,-0.06339556402541996,-0.09
2011-06-22,1.2325999736785889,0.19062789335101255,1.7726834012333086,0.405393850956901,0.015365053581514765,0.09,0.0,-0.16618037352541437,0.01923506428229673,0.22566870410571585,-0.5121144769072371,-0.1499758449518576,-0.09
2011-06-23,1.2343000173568726,0.1909823742386203,1.766819348897556,0.4103800349546357,0.015355236401786225,0.08,0.0,0.13782836382405297,0.18578168339328938,-0.33134923829440016,1.2224578840878495,-0.06391332938629332,-0.09
2011-06-24,1.2345000505447388,0.19089222964099994,1.7616336889325055,0.41308348726628635,0.015346842529548254,0.08,0.0,0.016204891672250536,-0.047211623071519326,-0.29393412030764776,0.6566075974465172,-0.054679505357802013,-0.08
2011-06-27,1.238800048828125,0.1916490093783604,1.755544692332478,0.41566287613945413,0.015396471077852539,0.08,0.0,0.3477137785987651,0.3956596818481098,-0.34624360911596097,0.6224816942745707,0.32285778981103846,-0.08
2011-06-28,1.2407000064849854,0.1914217354017685,1.7762856365064863,0.40708051066226514,0.015345702286959416,0.08,0.0,0.15325331609907814,-0.11865902387775196,1.1745288238588574,-2.086355704426504,-0.33028788461862546,-0.08
2011-06-29,1.2390999794006348,0.19154428902538875,1.7790892087334669,0.4098772851306803,0.015282436499971111,0.07,0.0,-0.1290448677712454,0.06400235007116714,0.15770898597789626,0.6846829563679173,-0.41312256946658565,-0.08
2011-06-30,1.2330000400543213,0.19077828783213796,1.7852489222873658,0.4165259139049768,0.015276918028010872,0.07,0.0,-0.4935036348389306,-0.4007099054991766,0.3456304906824725,1.6090867592181906,-0.03611641741432923,-0.07
2011-07-01,1.2272000312805176,0.18986617574608583,1.7790663236141313,0.40863079686518317,0.015225807127956023,0.08,0.0,-0.47150795472692164,-0.4792471290626872,-0.3469168380120292,-1.9136626715440097,-0.3351238135489676,-0.07
2011-07-04,1.225600004196167,0.18985950023434478,1.7820169956184202,0.40929735312702237,0.01515331411740835,0.08,0.0,-0.13046536922387128,-0.0035159654266193868,0.16571769964622018,0.16298654335404295,-0.47725638646423146,-0.08
2011-07-05,1.225000023841858,0.18989598491128148,1.7827517021967765,0.40636923648078815,0.015173473027270503,0.08,0.0,-0.04896599685240435,0.0192148255791274,0.04122043537968445,-0.7179720885564331,0.13294459934115524,-0.08
2011-07-06,1.2282999753952026,0.18996287661267158,1.772208391487979,0.4083851411724642,0.015151103737744573,0.07,0.0,0.26902160718939977,0.03521924001622584,-0.5931623052888758,0.49485068401186405,-0.14753243718224418,-0.08
2011-07-07,1.227869987487793,0.18986701500529188,1.759731159206126,0.4088675105276203,0.015170500059102402,0.07,0.0,-0.035012879263263,-0.05047607443779057,-0.7065400756662101,0.11804658208640882,0.12793732240178157,-0.07
2011-07-08,1.2223999500274658,0.18907964751372022,1.7559180167483817,0.4091852204426091,0.015048626117323985,0.07,0.0,-0.4464852189247078,-0.41555643710179374,-0.2169240309349326,0.07767468255641057,-0.806605735977075,-0.07
2011-07-11,1.2218999862670898,0.18925993045749467,1.7353330262534428,0.4063923805016789,0.015150650504017753,0.07,0.0,-0.04090854480865206,0.09530219301208248,-1.179246567515359,-0.6848767926794274,0.675676945007243,-0.07
2011-07-12,1.2273999452590942,0.18979433180935185,1.723343759948662,0.40377655571499105,0.015287083463237655,0.06,0.0,0.44910532724236274,0.28196580759871664,-0.6932890852683682,-0.6457502280310375,0.8964785164055241,-0.07
2011-07-13,1.2257000207901,0.18967518535632288,1.7121823293709324,0.4081177506616189,0.015452986819244296,0.06,0.0,-0.13859400469826064,-0.06279632568867465,-0.6497677244749817,1.0694092286019923,1.0794052536900058,-0.06
2011-07-14,1.2158000469207764,0.18719880138378,1.7306023061824758,0.40422916530587527,0.015405474849582403,0.06,0.0,-0.8109791401803519,-1.3141897296264555,1.070072893137637,-0.9573779331671947,-0.30793503393486243,-0.06
2011-07-15,1.2165000438690186,0.1890795489724522,1.7222340113506505,0.4049735421179163,0.015363728709022235,0.06,0.0,0.057558437811067634,0.9996659384163041,-0.48472099149670517,0.18397788716596655,-0.2713503201064989,-0.06
2011-07-18,1.2187000513076782,0.1890795489724522,1.7211818387816036,0.406734992691006,0.01540454877569302,0.06,0.0,0.18068396445466145,0.0,-0.061112142569282414,0.4340112891578355,0.2653388096907657,-0.06
2011-07-19,1.2164000272750854,0.18804106086241565,1.7165759447671292,0.4054666757583618,0.015387729036248743,0.06,0.0,-0.1889059703788345,-0.5507472717886512,-0.26795935376601954,-0.31231602023408994,-0.10924648848543443,-0.06
2011-07-20,1.215000033378601,0.1879815661423627,1.7220121433546893,0.40793715976582395,0.015355256702139568,0.06,0.0,-0.11515949792542284,-0.031644223659267515,0.31618809681607385,0.6074452802138804,-0.21125043911885003,-0.06
2011-07-21,1.2128000259399414,0.18812726012614175,1.7306677166122881,0.4066523773268276,0.015399853464935243,0.06,0.0,-0.18123469701669884,0.07747438022766256,0.5013839533955932,-0.31544316390988847,0.29001225364461636,-0.06
2011-07-22,1.2100000381469729,0.18755328986969189,1.7448232664395393,0.4069142031442454,0.015397536951360574,0.06,0.0,-0.23113661593709445,-0.30556317224693497,0.8145973143191855,0.06436494141769233,-0.015043570560524749,-0.06
2011-07-25,1.2080999612808228,0.18769224779974172,1.738273387749416,0.4072064081462843,0.015413370803966701,0.06,0.0,-0.15715456413383821,0.07406240578618661,-0.3760955874020125,0.07178420753242583,0.10278083414977937,-0.06
2011-07-26,1.207200050354004,0.18733707230705945,1.7349315836731876,0.4091648602511137,0.015417624563258592,0.06,0.0,-0.07451753108319366,-0.18941217650376352,-0.19243350939365994,0.47979539154913814,0.02759404468272592,-0.06
2011-07-27,1.2032999992370603,0.18692038823099966,1.7457599053519741,0.40927179953604015,0.015443950722772359,0.07,0.0,-0.32358883549623074,-0.22267251406626903,0.622195712877716,0.026132574648549834,0.17060805001315177,-0.06
2011-07-28,1.2038999795913696,0.18685684176450687,1.7303629609387627,0.40947586754854753,0.015448479082213114,0.08,0.0,0.0498488178805594,-0.03400232117178653,-0.8858746193956857,0.0498488178805594,0.02931695241699301,-0.07
2011-07-29,1.2021000385284424,0.18657458767979454,1.7228480576646064,0.4061011670920335,0.015465071228782004,0.11,0.0,-0.14962106277287018,-0.1511678536979426,-0.435242161392879,-0.8275661460031857,0.10734547145338048,-0.08
2011-08-01,1.2029000520706177,0.18711404446281962,1.7278081320412042,0.4114870319884442,0.015578984005374458,0.17,0.0,0.06652919264416185,0.288720132946786,0.2874860617857565,1.3175197028012933,0.7338814919265401,-0.11
2011-08-02,1.20169997215271,0.18701754893710493,1.713874137024618,0.404885444208043,0.015513813405061068,0.16,0.0,-0.09981535435882398,-0.05158373660855123,-0.8097244347064886,-1.6173332330642503,-0.41920123744303783,-0.17
2011-08-03,1.2080999612808228,0.18790828234941603,1.7122811028420841,0.4084454653555498,0.015621645769481692,0.12,0.0,0.5311647731864094,0.4751526909177203,-0.09299253453532247,0.8754232358002989,0.6926687347471373,-0.16
2011-08-04,1.20524001121521,0.18752761827149164,1.7298770998850728,0.40221592026627134,0.01562973361924105,0.09,0.0,-0.23701189529962702,-0.20278519328681258,1.02239056310699,-1.5369346131989183,0.05175995490839248,-0.12
2011-08-05,1.2273999452590942,0.19095178928542975,1.726592300539025,0.41187917362520887,0.015479883101107806,0.08,0.0,1.8219339833044272,1.8094852055943653,-0.19006679674448992,2.3740978923539298,-0.9633784848268434,-0.09
2011-08-08,1.214400053024292,0.18884415165034066,1.735873819232097,0.4006862911760349,0.015518696643276902,0.11,0.0,-1.064789505160066,-1.1098903615169404,0.5361231332469544,-2.7551233569842095,0.2504215533277353,-0.08
2011-08-09,1.2228000164031982,0.19031017902933253,1.7327967558132686,0.4086625420033281,0.01576077889840333,0.1,0.0,0.6893153126817514,0.7733181801280358,-0.17742037817776363,1.971092993167248,1.5478973637680984,-0.11
2011-08-10,1.2073999643325806,0.18803924055680857,1.7366164829799402,0.40041121947856273,0.015670342848935617,0.1,0.0,-1.2674066609493162,-1.2004594837636717,0.22019450824190917,-2.039766707571342,-0.575457024798307,-0.1
2011-08-11,1.2204999923706057,0.19047395798799535,1.7239187306287251,0.4073357139384438,0.015900414930748133,0.09,0.0,1.0791346760331373,1.2864814331258994,-0.7338638999159647,1.7145627688192797,1.4575269711131353,-0.1
2011-08-12,1.212299942970276,0.18995017200192796,1.724662736727055,0.4045719795751702,0.01577283285640519,0.1,0.0,-0.6741269872021625,-0.27536966020717085,0.04314853031113574,-0.6808027710771377,-0.8056184526978181,-0.09
2011-08-15,1.2085000276565552,0.18938147914344614,1.7250240239094412,0.4171700967509182,0.01573158074013867,0.1,0.0,-0.31393906813886924,-0.29983961677246984,0.020946086342067103,3.0664376803670867,-0.2618816548759051,-0.1
2011-08-16,1.2002999782562256,0.1881259454552344,1.7330348570161502,0.4025690768964676,0.015620770893560608,0.09,0.0,-0.6808436612548795,-0.6651727810921462,0.4633146925849067,-3.562734275310812,-0.7068707908859863,-0.1
2011-08-17,1.200600028038025,0.1883707836839935,1.7286260960628255,0.4036715835788904,0.015642182328061787,0.09,0.0,0.02499477550709348,0.13006129632667598,-0.2547195347451996,0.27349336834219673,0.1369764250815894,-0.09
2011-08-18,1.2021000385284424,0.1884819280675542,1.7345320014776178,0.4035924402136473,0.015704078337968625,0.09,0.0,0.1248604190067718,0.0589855841910566,0.34107083613854666,-0.01960780194930497,0.39491849449457106,-0.09
2011-08-19,1.2170000076293943,0.1905283826175811,1.7432783820243,0.4082522742141624,0.01588005782001231,0.09,0.0,1.231876089539043,1.0799043616012847,0.5029830854417663,1.14797450598572,1.1143651500754679,-0.09
2011-08-22,1.2102999687194824,0.18964274122640545,1.739111645931075,0.40796168715516423,0.015761986816030013,0.09,0.0,-0.5520583357246333,-0.46591807622991405,-0.23930335477732537,-0.07120365125532392,-0.7462953380134477,-0.09
2011-08-23,1.2086999416351318,0.18885936306626555,1.7358148580890997,0.40812395833761006,0.015731725454405352,0.08,0.0,-0.132288332119534,-0.41393655137511776,-0.1897472552186533,0.03976817518618151,-0.19217404844471006,-0.09
2011-08-24,1.2032999992370603,0.18816262749428891,1.737216061778099,0.4049878848824709,0.01569658155171487,0.08,0.0,-0.44775717680255656,-0.3695998549481991,0.08069054364072067,-0.7713794926635554,-0.22364499196175802,-0.08
2011-08-25,1.2059999704360962,0.1887914790663039,1.738127864906076,0.40372253670917396,0.015651563838712267,0.08,0.0,0.22412919630366493,0.33364918670159005,0.0524726857619721,-0.312930109985703,-0.28721152966482055,-0.08
2011-08-26,1.2106000185012815,0.18945227602439582,1.7399929130636023,0.4067739765248903,0.0156337580767048,0.09,0.0,0.3807045967209731,0.34940306163038193,0.107244598755445,0.7529839261598097,-0.1138282289577457,-0.08
2011-08-29,1.2031999826431274,0.18870172596020854,1.7440460777463755,0.40409739649310483,0.015690774824510093,0.09,0.0,-0.6131459970340809,-0.39695523294977153,0.23267055977089957,-0.6601761615998805,0.364039335895515,-0.09
2011-08-30,1.204300045967102,0.18917687916605183,1.7491649731466907,0.4040326230394877,0.015653881520111244,0.08,0.0,0.09138636655959653,0.25148470954490426,0.29307699934313275,-0.016030453563224835,-0.23540421710345955,-0.09
2011-08-31,1.2058000564575195,0.18898798613709739,1.7403479062024871,0.4036556131763936,0.01572078738307508,0.08,0.0,0.12447704413534261,-0.09989983840121804,-0.5053476524065732,-0.09335530061487596,0.4264967040008045,-0.08
2011-09-01,1.2035000324249268,0.18869552735253317,1.7299869648802257,0.40246799870549305,0.015684868757615846,0.08,0.0,-0.19092887116153637,-0.1548697957802722,-0.5971165603278409,-0.2946484416563143,-0.2287399502779491,-0.08
2011-09-02,1.2039999961853027,0.18868515722735596,1.7171544497443847,0.40667433531739,0.015664844999014313,0.08,0.0,0.0415338535096036,-0.005495843112040068,-0.7445342601967682,1.0397118843172874,-0.12774446031618453,-0.08
2011-09-05,1.204800009727478,0.18909205161141995,1.7057183384331156,0.40398350008829875,0.01566669271324471,0.08,0.0,0.06642424191518675,0.2154150816348077,-0.6682196255885713,-0.663867045771781,0.011794596546821464,-0.08
2011-09-06,1.2080999612808228,0.18942565334176298,1.6989648831880118,0.4057839408127405,0.01570960384084882,0.09,0.0,0.27352593563066596,0.17626748358307257,-0.3967161502473538,0.44468167040413975,0.27352593563068817,-0.08
2011-09-07,1.2100000381469729,0.18935838238326205,1.694393231642721,0.4067227149361592,0.015589168712659286,0.09,0.0,0.15715456413384746,-0.03551942683087017,-0.26944720577693054,0.23108107103339864,-0.7695875127089025,-0.09
2011-09-08,1.2075999975204468,0.18892364831738853,1.7009887584569159,0.4027078521981268,0.015622048336078267,0.09,0.0,-0.1985474337816572,-0.22984663398261948,0.38850032951143376,-0.9920296630697963,0.2106911469076455,-0.09
2011-09-09,1.2139999866485596,0.190282126155564,1.6879631557790729,0.4038051965478158,0.015662898487655782,0.09,0.0,0.5285764842158316,0.716488904519195,-0.7687135816553905,0.27212083636979867,0.2611490760957879,-0.09
2011-09-12,1.2302000522613523,0.19289388093142643,1.6731723981451694,0.40712184888536523,0.0158811315463158,0.09,0.0,1.3256118634711833,1.3632352626639188,-0.8801104787439163,0.8179948738272176,1.3836947298270121,-0.09
2011-09-13,1.2339999675750732,0.1927522613454956,1.6856771235991346,0.4039147596015551,0.015988597599063754,0.09,0.0,0.3084098932791439,-0.0734453566477989,0.7445872847745094,-0.7908659033029425,0.6744108779880096,-0.09
2011-09-14,1.239300012588501,0.193686023167646,1.6961145793944468,0.40402295795115156,0.0161090316821391,0.08,0.0,0.4285815039524564,0.4832666311174911,0.6172756842191072,0.026783834420055972,0.7504270623700184,-0.09
2011-09-15,1.2431999444961548,0.1943714762807059,1.708912935254858,0.4032174213211724,0.01621346574369406,0.09,0.0,0.314194173885228,0.35327436110435034,0.751736429482587,-0.19957794928084543,0.6462026964696317,-0.08
2011-09-16,1.2412999868392944,0.19431746784838877,1.7215649543029912,0.4027187515446002,0.016176661819789634,0.09,0.0,-0.1529449047886639,-0.027790053450438904,0.7376276321371372,-0.1237492141436061,-0.22725405864239798,-0.09
2011-09-19,1.2443000078201294,0.19497023092606527,1.7048709435083256,0.3990699152153567,0.0161786497018872,0.09,0.0,0.24139221468022676,0.33536312168354093,-0.9744319395515167,-0.910180368088237,0.012287825439331565,-0.09
2011-09-20,1.2645000219345093,0.19818196907557187,1.7204315414242188,0.4055484315452705,0.01650869511267939,0.09,0.0,1.6103675390061463,1.6338759382858379,0.9085740619420909,1.6103675390061463,2.0194765247321405,-0.09
2011-09-21,1.260599970817566,0.1974624068714746,1.7262581170525948,0.3995942417685433,0.0164864053605022,0.08,0.0,-0.30890295270378443,-0.36374231062570445,0.33809723276542447,-1.4790666351332022,-0.1351094874589479,-0.09
2011-09-22,1.288349986076355,0.20190091836602778,1.7503566177088175,0.4105640476028752,0.016832814447364328,0.08,0.0,2.1774544143625683,2.2228852657994667,1.3863420861974014,2.708230343327462,2.079409847445582,-0.08
2011-09-23,1.303500056266785,0.20429434824829884,1.757235925590834,0.4116272785738283,0.01708253689667033,0.08,0.0,1.169067846648493,1.1784763531335203,0.39225289811432096,0.2586336123422211,1.4726485351860403,-0.08
2011-09-26,1.2955000400543213,0.20305325716913084,1.755015717706641,0.4076719946095102,0.016925790757228863,0.08,0.0,-0.6156245619277231,-0.6093542237306012,-0.1264264867897686,-0.9655359943958182,-0.9218168619692593,-0.08
2011-09-27,1.2930999994277954,0.2020153092960525,1.7480228618635323,0.4109253789558254,0.016939583214232314,0.08,0.0,-0.1854316060904715,-0.5124812097027789,-0.3992456818811111,0.794872199940559,0.08145463137460798,-0.08
2011-09-28,1.2834999561309814,0.20064092372088635,1.7432936468922833,0.4034640843233715,0.01671049862734865,0.08,0.0,-0.7451748727317292,-0.6826621817714336,-0.2709131556450152,-1.8324164896740274,-1.3615903056103076,-0.08
2011-09-29,1.2985999584197998,0.20312841120741087,1.7580007348306592,0.40745504862254933,0.016966291388642488,0.08,0.0,1.1696041923151597,1.2321485273475454,0.8400992794645774,0.9843143070247303,1.5191333877286493,-0.08
2011-09-30,1.297379970550537,0.20311233022170483,1.762600812680148,0.4049250849235967,0.01690067062939996,0.06,0.0,-0.09399055404564262,-0.00791697339753146,0.26132354969668864,-0.6228541968424676,-0.38752127414296894,-0.08
2011-10-03,1.305799961090088,0.204590666035217,1.7446722999928852,0.40449785569508895,0.016916698015151648,0.08,0.0,0.6469026440097017,0.7252055080141252,-1.0223708433682912,-0.1055639139299988,0.09478790097577144,-0.06
2011-10-04,1.3158999681472778,0.20577012854918397,1.7363363993797665,0.42187098353702585,0.017180644438870664,0.07,0.0,0.7704967995284073,0.5748432976174882,-0.47893684084865557,4.205310571677662,1.5482244481742637,-0.08
2011-10-05,1.307800054550171,0.20546741580171723,1.7433150172933267,0.41062514864199334,0.017037519777932542,0.07,0.0,-0.6174440111482801,-0.14722041131683114,0.40111071107234036,-2.7018789848203184,-0.8365468977143744,-0.07
2011-10-06,1.3021999597549438,0.20458758940790683,1.7371237134986472,0.4111517818159919,0.01695970408546528,0.07,0.0,-0.42912669412490456,-0.42912669412489346,-0.3557775788768746,0.1281693916129974,-0.45777754485014394,-0.07
2011-10-07,1.299399971961975,0.2040194662463452,1.7449573008955923,0.4077572187138565,0.016950612076852882,0.07,0.0,-0.2152513028567279,-0.2780781779443221,0.449937872214176,-0.8290500026140093,-0.05362385173140138,-0.07
2011-10-10,1.2979999780654907,0.20392773365920577,1.7375008103487344,0.4142597104416196,0.016907646669575848,0.07,0.0,-0.10779965034222799,-0.04497277525463485,-0.428232110974091,1.5821151931293236,-0.2537958650580835,-0.07
2011-10-11,1.2755999565124512,0.20124634407293332,1.73934379784788,0.4058800811023695,0.01663970643850804,0.07,0.0,-1.740797932127394,-1.323593427896707,0.10601495778181731,-2.0435347820273426,-1.5974191931827384,-0.07
2011-10-12,1.2834999561309814,0.20163380119632154,1.7514293880268499,0.41050980138571935,0.01674123102764413,0.07,0.0,0.6174065087918814,0.1923436770916486,0.692433327734092,1.1342056078886045,0.6082807127725497,-0.07
2011-10-13,1.2763999700546265,0.20072337296853054,1.7604060984070173,0.40711915042925534,0.016537962749515946,0.07,0.0,-0.5547095188700994,-0.4525480543379073,0.5112272465842718,-0.8293909812078405,-1.2216089568853183,-0.07
2011-10-14,1.2773000001907349,0.2001410226102404,1.7544365544554807,0.40937790181259553,0.016614204550247275,0.07,0.0,0.07048832547761393,-0.29054751401525103,-0.3396766388049438,0.5532799265313365,0.4599514381863854,-0.07
2011-10-17,1.2647000551223757,0.19851510822619695,1.7552845874270993,0.40750768493746115,0.016377881832813315,0.07,0.0,-0.9913491726790945,-0.8157021922184923,0.04832480723337994,-0.4578903516244257,-1.4326269434538674,-0.07
2011-10-18,1.272699952125549,0.19979591444118946,1.749199294357396,0.4070425633638927,0.016564927319619,0.07,0.0,0.6305606910287989,0.6431208561448417,-0.34728647019618036,-0.11420329809998812,1.135589232803686,-0.07
2011-10-19,1.268399953842163,0.19871533359066454,1.742786315868585,0.40862084287316164,0.016520571874178637,0.07,0.0,-0.3384363107962994,-0.5423101627302815,-0.3672973725710341,0.38699332762588523,-0.268126358038626,-0.07
2011-10-20,1.266800045967102,0.1985268825633259,1.7437507296059775,0.4089617939150923,0.01649479160975251,0.07,0.0,-0.12621553231097898,-0.09487966475485778,0.055322157740507534,0.08340467283766549,-0.156171351427968,-0.07
2011-10-21,1.272449970245361,0.19967202715308685,1.7533138252824754,0.4052259384471426,0.016555424930272334,0.07,0.0,0.4450080587632052,0.575163677611853,0.5469226755382312,-0.9176954006561723,0.3669167399907849,-0.07
2011-10-24,1.2736999988555908,0.19984310422455212,1.763785388863823,0.4065562255452391,0.016713029971878058,0.07,0.0,0.09818971591078282,0.0856423541866325,0.5954676786534435,0.3277451385105413,0.9474814572079746,-0.07
2011-10-25,1.2634999752044678,0.1981028564251342,1.7590877343911302,0.4040226283038904,0.016596173913749325,0.07,0.0,-0.8040421493454557,-0.8746207098483273,-0.2666946604498682,-0.625134860170271,-0.7016471359690175,-0.07
2011-10-26,1.263700008392334,0.1985076929875877,1.7571155943975327,0.40576035349398365,0.01660381806537227,0.08,0.0,0.01583042019485388,0.2041482273501507,-0.11217441177235865,0.42918359524463917,0.0460491181011775,-0.07
2011-10-27,1.268399953842163,0.1996222750340255,1.760151007066355,0.4092933085544187,0.01664916498666228,0.07,0.0,0.371229486787567,0.5599101036348421,0.1726007019840749,0.8669311855395434,0.2727391363902031,-0.08
2011-10-28,1.2426999807357788,0.19536235950507885,1.7613958449899059,0.4055544714338868,0.01636638977665156,0.07,0.0,-2.0469810963550965,-2.1570867999430843,0.0706983622651012,-0.9176838793620755,-1.7130236151911848,-0.07
2011-10-31,1.2441999912261963,0.19597403532821872,1.759307729521879,0.40388235468025513,0.016427251469746388,0.09,0.0,0.12063297191156187,0.3126089621848844,-0.11861922872373051,-0.4131561792702079,0.3711802694567911,-0.07
2011-11-01,1.2532000541687012,0.1975036314006419,1.7369371144055208,0.4014093730270996,0.016003474429914462,0.08,0.0,0.720757727318624,0.7774793370825691,-1.2797113137021234,-0.6141847337904422,-2.6135780224913026,-0.09
2011-11-02,1.277899980545044,0.20136141615591552,1.7450974584382095,0.4073507341682607,0.016319311221735893,0.08,0.0,1.9517767088153397,1.9344412746975883,0.46871211652789146,1.4692782128933923,1.9543293559446573,-0.08
2011-11-03,1.2797000408172607,0.20161965070104929,1.7519099123890103,0.40866704877796967,0.016377225736403683,0.09,0.0,0.14076169490143087,0.1281621404672192,0.3896167120178838,0.3226193788756805,0.35425510236297697,-0.08
2011-11-04,1.263569951057434,0.1993075451557983,1.7475070200072338,0.40757692290832526,0.0161886145097782,0.08,0.0,-1.268469811738893,-1.1533920377357672,-0.2516359033585557,-0.26710801074164303,-1.1583508003846572,-0.09
2011-11-07,1.2663999795913696,0.2000537113159698,1.746276889220141,0.40628807755694163,0.016208882940104904,0.08,0.0,0.22372042292114674,0.3736802287898257,-0.07041825538645151,-0.31672241171376264,0.12512344820703084,-0.08
2011-11-08,1.2694000005722046,0.19990551490341418,1.7467044475084352,0.40747280357463334,0.016258308387995007,0.08,0.0,0.2366134871804646,-0.07410576359919444,0.02448099484151162,0.29117321370161203,0.3044641932290378,-0.08
2011-11-09,1.2670999765396118,0.19963761653848835,1.7519530861371635,0.40487600878041013,0.016305914108636303,0.08,0.0,-0.1813542033300111,-0.13410237042835269,0.3000375152878707,-0.6393321686349098,0.2923807228004922,-0.08
2011-11-10,1.2883000373840332,0.2031057938759915,1.7426415275688782,0.40958225281677135,0.016568069957928342,0.08,0.0,1.6592742525752928,1.7223189654928923,-0.5329133495970367,1.1556875629330736,1.5949475800131545,-0.08
2011-11-11,1.2901999950408936,0.20327713411482437,1.7559715002277017,0.41014718635454755,0.016615154637899008,0.08,0.0,0.14736924388783457,0.08432453097022902,0.7620183801811579,0.1378341682560348,0.28378623321701857,-0.08
2011-11-14,1.2754000425338743,0.20139591655470085,1.7583963421011928,0.4070468884789567,0.016530147646230474,0.08,0.0,-1.1537353023859156,-0.9297535917862911,0.13799592797798962,-0.758770247011754,-0.5129365079872511,-0.08
2011-11-15,1.2898999452590942,0.20327790509967403,1.7573808225009913,0.40908944836545164,0.016734777376770767,0.09,0.0,1.1304765302379447,0.9301328687723318,-0.05776928291522199,0.5005448376438557,1.2303187913340463,-0.08
2011-11-16,1.292799949645996,0.2040146335006693,1.7462011008094578,0.40867420380108593,0.016776537640855696,0.08,0.0,0.2245716284271164,0.3617690650718455,-0.6381902795957081,-0.1015561400790146,0.24923095783911847,-0.09
2011-11-17,1.2970000505447388,0.20471945370739306,1.7433030228495738,0.4093290465243529,0.016830823644658963,0.08,0.0,0.3243574469683111,0.34487992432684844,-0.16610260504081514,0.1601076433117466,0.3230604780687619,-0.08
2011-11-18,1.2973999977111816,0.20460818008591025,1.7460466941071218,0.41077760055075413,0.016858546150163592,0.08,0.0,0.03083157278537997,-0.0543689773361415,0.15725977878653932,0.35326028339770804,0.16457720599001574,-0.08
2011-11-21,1.2977999448776243,0.204455219029135,1.7559193611352695,0.40670634631258873,0.016889860584498283,0.08,0.0,0.030822069856382462,-0.07478599367988382,0.5638371719058437,-0.9960532958665776,0.18557583217313262,-0.08
2011-11-22,1.3035999536514282,0.20525577620074206,1.7578209490451968,0.4112432499839796,0.016951884626591744,0.08,0.0,0.44591516957552907,0.39079165546313477,0.1082372587447642,1.10934713329894,0.3665538591684015,-0.08
2011-11-23,1.2999999523162842,0.20466961400790362,1.7578494380859409,0.40865080507115387,0.016889696397284385,0.09,0.0,-0.2765404639270353,-0.28598501402699034,0.0016206889501925899,-0.6323874496853863,-0.36752596909859975,-0.08
2011-11-24,1.3102600574493408,0.20642143977105204,1.749462602272132,0.4116819338611099,0.01695646551962462,0.09,0.0,0.7861406860333184,0.8522863007109619,-0.47824953712636425,0.7390031973368656,0.394545231557515,-0.09
2011-11-25,1.3085999488830566,0.20599763191518972,1.7444975051362235,0.4097056814460557,0.016958245116667468,0.07,0.0,-0.12678102568549812,-0.20552299063610596,-0.2842104846896313,-0.48119942195742094,0.010494543583549258,-0.09
2011-11-28,1.302899956703186,0.20446626819736669,1.7346096041387824,0.4137372359450505,0.016775463965067083,0.08,0.0,-0.4365308395549396,-0.7461658978823611,-0.5684175456465137,0.9792024746770309,-1.0836812514093155,-0.07
2011-11-29,1.299399971961975,0.20378269449936734,1.7304105904798774,0.40841084160047386,0.016641691969002465,0.08,0.0,-0.2689918109014839,-0.3348811138742185,-0.24236601684966574,-1.295744407344057,-0.8006229548078747,-0.08
2011-11-30,1.2968000173568726,0.2037360035695177,1.7278686641214875,0.40795267839878846,0.016634171787915746,0.1,0.0,-0.2002893062907115,-0.022914742452398263,-0.14700529535190723,-0.11224491015689743,-0.04519901433472458,-0.08
2011-12-01,1.2818000316619873,0.2009721033805124,1.723243161877491,0.40804763848113706,0.01652166104219714,0.08,0.0,-1.1634340034535198,-1.3658946348794752,-0.2680588312950537,0.023274521054198395,-0.6786810523263792,-0.1
2011-12-02,1.2827999591827393,0.20138147287739716,1.7275370107761034,0.4106668370256272,0.016499034844794074,0.08,0.0,0.07797922288004,0.2034875106363055,0.2488626281509749,0.6398341689092694,-0.13704254460067897,-0.08
2011-12-05,1.2818000316619873,0.20177883342923872,1.7200521878730797,0.4069852596071449,0.01641649592216298,0.08,0.0,-0.07797922288004965,0.19712291825151115,-0.43420687508727346,-0.9005302655125669,-0.5015206725301539,-0.08
2011-12-06,1.2824000120162964,0.20227129040254682,1.7167105966255605,0.40966011871119,0.016480749374888103,0.08,0.0,0.04679668941878562,0.2437604584712079,-0.1944616204306648,0.6550869546985773,0.3906317009233283,-0.08
2011-12-07,1.2826999425888062,0.20251024947677024,1.7203594490620162,0.41153067345427974,0.01649774845773384,0.08,0.0,0.023385488221476767,0.1180681816932247,0.2123235057036271,0.45557207804842303,0.10309192636705061,-0.08
2011-12-08,1.284000039100647,0.20163317100302935,1.7210411777070647,0.4107879964021731,0.016530842076545402,0.07,0.0,0.10130491544029588,-0.434043859810494,0.03961925552422022,-0.18063003583884898,0.2003938366786123,-0.08
2011-12-09,1.2936999797821045,0.20357198676621197,1.726498701496297,0.41131212163660985,0.016654222125381556,0.07,0.0,0.7526078593770085,0.9569624285432494,0.31660421861538324,0.12750887488000356,0.7435912529033439,-0.07
2011-12-12,1.2932000160217283,0.2035093324864899,1.7292238010066965,0.4143942271637821,0.016662372109437357,0.07,0.0,-0.03865350554038571,-0.03078219375520863,0.15771521430296054,0.7465413935756464,0.048924473857835715,-0.07
2011-12-13,1.3028000593185425,0.2046657866284987,1.7159265625706013,0.40764732133265535,0.016715636707254507,0.07,0.0,0.7396060693167934,0.5666475893444353,-0.7719433443658081,-1.6415368169606561,0.319160099236825,-0.07
2011-12-14,1.3066999912261963,0.20540753518918176,1.7012106703494965,0.4112352438408659,0.016760944777239408,0.07,0.0,0.2989028346968626,0.36176426515849447,-0.8613047818854809,0.8763028108512183,0.2706853307016558,-0.07
2011-12-15,1.3097000122070312,0.2055721316328062,1.7010416435596198,0.4119849176057164,0.01676780846457608,0.07,0.0,0.22932443752100942,0.08009956000866951,-0.009936170184950834,0.18213207285121705,0.04094209756651657,-0.07
2011-12-16,1.305899977684021,0.20491133657310243,1.7015426458579128,0.4120598261226482,0.01677672198255668,0.07,0.0,-0.29056715180565795,-0.32195968008055054,0.02944834039655484,0.018180691693807278,0.053144390883253345,-0.07
2011-12-19,1.3030600547790527,0.20557861482586284,1.6987940731900153,0.40952262634933273,0.016746691886191118,0.07,0.0,-0.21770544518107685,0.32511336184474277,-0.16166476991106465,-0.6176392476244486,-0.17915898730166502,-0.07
2011-12-20,1.3075000047683716,0.20753967701322534,1.7007688408531152,0.4120446392446221,0.016760671310905202,0.07,0.0,0.34015339000471784,0.9494021234807809,0.11617775197268562,0.6139535794437625,0.08344091680947693,-0.07
2011-12-21,1.298200011253357,0.204537574647139,1.6990812110603457,0.4109528471586678,0.01667780154585419,0.07,0.0,-0.713822231821703,-1.4570838202445893,-0.09927672724440043,-0.2653210354749518,-0.49565621650588026,-0.07
2011-12-22,1.295680046081543,0.20464999067218206,1.6895692773526891,0.41002531990151503,0.01659638851218597,0.07,0.0,-0.19430088584756214,0.05494596483329907,-0.5614009897187202,-0.22595671578196133,-0.4893474250550734,-0.07
2011-12-23,1.2937999963760376,0.20465042564240457,1.6891882666480171,0.4103523753875559,0.01655322333362747,0.08,0.0,-0.14520676004604283,0.00021254325927186593,-0.02255330258683663,0.07973290966969723,-0.2604265965798476,-0.07
2011-12-26,1.2940000295639038,0.20410094612311844,1.6880170015710403,0.4105851241204929,0.016572745891627813,0.08,0.0,0.015459709889448277,-0.26885774005018526,-0.06936298098070344,0.05670315689383506,0.11786861315854935,-0.08
2011-12-27,1.291700005531311,0.20414387634217365,1.685742197150546,0.40729645485999805,0.016553889859524492,0.07,0.0,-0.1779034387592733,0.02103160498359414,-0.13485282328918477,-0.8041963700010223,-0.11384213163947567,-0.08
2011-12-28,1.2960000038146973,0.20506328617298278,1.6941397983825937,0.4099579371788565,0.016643122615936763,0.07,0.0,0.33234163354946383,0.4493623094314688,0.49691785234617525,0.6513251574199567,0.5375963959871285,-0.07
2011-12-29,1.299299955368042,0.20568307320156262,1.679637027264107,0.40920255772857794,0.01666923215574591,0.07,0.0,0.2543022682258806,0.3017859975265334,-0.8597403562427043,-0.18442775721835872,0.15675592634954288,-0.07
2011-12-30,1.2992000579833984,0.20592804800145598,1.6832504832962059,0.4097647396766242,0.016729549893308916,0.04,0.0,-0.007688850042673119,0.11903217196954617,0.2149020692138739,0.13729047255749757,0.36119762122886034,-0.07
2012-01-02,1.2961000204086304,0.2062211697494803,1.6797562923880351,0.40947147646583404,0.016828097596720805,0.04,0.0,-0.2388963861977051,0.14224061811648783,-0.20780167264638724,-0.07159430150625802,0.5873354902798131,-0.04
2012-01-03,1.2963000535964966,0.2062858163783853,1.6775371687323712,0.4117591128726644,0.016850384095335597,0.07,0.0,0.01543227762327046,0.03134328949968943,-0.1321972001877695,0.5571254538408683,0.13234861400040368,-0.04
2012-01-04,1.28410005569458,0.20392251384736032,1.6765240016671896,0.41001982304587614,0.01673705134969739,0.07,0.0,-0.9455966742056338,-1.1522577698993157,-0.060414348130523765,-0.4232993443490636,-0.6748545952444278,-0.07
2012-01-05,1.2878999710083008,0.20455844508068174,1.6654381083259298,0.4098068503749856,0.016789205923338258,0.07,0.0,0.2954835178102765,0.3113642059386546,-0.6634386410480573,-0.05195553708752669,0.3111269789972225,-0.07
2012-01-06,1.2913999557495115,0.20470793279124233,1.6524841896307405,0.41047644308373177,0.016738602732345915,0.07,0.0,0.27139045390557154,0.07305155042822904,-0.7808491791714445,0.16325892842401638,-0.30185825704285757,-0.07
2012-01-09,1.2962000370025637,0.20576563915626908,1.6436306381224315,0.41239541452905265,0.016853464767693827,0.08,0.0,0.37100686137215716,0.5153601977491756,-0.5372126435859181,0.46640917569412516,0.6838667075017686,-0.07
2012-01-10,1.294399976730347,0.20503721452180218,1.6537202286020836,0.4124263141490128,0.01684100919140529,0.08,0.0,-0.13896862135168414,-0.3546350232820026,0.6119835211585501,0.007492435977450933,-0.07393246068187577,-0.08
2012-01-11,1.289720058441162,0.20432827942839674,1.6446315047581948,0.4123014264566963,0.01678230428170366,0.08,0.0,-0.36220634815269975,-0.3463583582912418,-0.5511084069990253,-0.030285799087921745,-0.3491920533063646,-0.08
2012-01-12,1.2904000282287598,0.20430652807888378,1.6418973323467867,0.41129599811052475,0.01678940382960695,0.08,0.0,0.052708384144829507,-0.010645862336690556,-0.16638667589492184,-0.2441554127399082,0.04229482745165058,-0.08
2012-01-13,1.2891000509262085,0.20404255306302096,1.652692428146878,0.4116031869633555,0.016789748006598448,0.09,0.0,-0.10079297326739438,-0.1292889171664211,0.6553249550236512,0.0746601461447375,0.00204994452026336,-0.08
2012-01-16,1.2934000492095947,0.20543202802190816,1.6357657346807744,0.41208144956551107,0.016817058739093567,0.09,0.0,0.3330108104885126,0.6786649800382382,-1.0294698682349763,0.11612761357752137,0.16253099387786638,-0.09
2012-01-17,1.2908999919891355,0.2047065562180289,1.6351890593740277,0.4137632606436483,0.016804217614128817,0.09,0.0,-0.19348047521655157,-0.3537694761624703,-0.03526036579714387,0.4072953140710873,-0.07638690128380388,-0.09
2012-01-18,1.2833800315856934,0.2031629016005711,1.6357959194848488,0.4131539078103093,0.016706326955012493,0.09,0.0,-0.5842396106744456,-0.7569392403660389,0.037105649931518804,-0.14737943941222473,-0.5842396106744456,-0.09
2012-01-19,1.276859998703003,0.20232293217306735,1.642813089342326,0.41230262661536304,0.016632928564727267,0.1,0.0,-0.5093309143411687,-0.41430331667728004,0.4280583963167362,-0.20625713438247273,-0.44031282477941336,-0.09
2012-01-20,1.2720999717712402,0.20169012887652274,1.6492721128928451,0.4093512622428701,0.016503631831242708,0.09,0.0,-0.3734882085376142,-0.313259087407753,0.39239761072487594,-0.7183990986380485,-0.7803911337258842,-0.1
2012-01-23,1.2728999853134155,0.20126173055859142,1.6401025865387453,0.40979331453176676,0.016539760920686316,0.09,0.0,0.06286943670070004,-0.2126301042196515,-0.5575254231382594,0.10793023462335649,0.21867672071168215,-0.09
2012-01-24,1.2672899961471558,0.20071111341700715,1.6508910274156252,0.4092785127682604,0.01645831163827475,0.09,0.0,-0.44169911132788087,-0.27395755420501194,0.6556366124226952,-0.125703708548174,-0.4936618505657098,-0.09
2012-01-25,1.2670999765396118,0.20042707548048586,1.6524301104607986,0.41646671112445016,0.01631032263157016,0.08,0.0,-0.014995293537922024,-0.14161602752011068,0.09318398619466539,1.7410648533150455,-0.9032418722106189,-0.09
2012-01-26,1.2603000402450562,0.19961987086613675,1.6519210098272055,0.41309123455171226,0.016205478907622126,0.08,0.0,-0.5380986513474154,-0.4035554912800869,-0.030813955241959665,-0.8138057671706908,-0.644880841502301,-0.08
2012-01-27,1.2584999799728394,0.1986896049877738,1.647725750928089,0.4149357016612422,0.016247095208462424,0.09,0.0,-0.14293001145094297,-0.4671079279861507,-0.2542854713781473,0.4455097001303709,0.25647471602006316,-0.08
2012-01-30,1.2511999607086182,0.1978494598522182,1.6525781295616753,0.41026984680060435,0.01630610337127316,0.09,0.0,-0.5817460273766317,-0.4237395339587816,0.29405668725160405,-1.130846633844746,0.3625341288375515,-0.09
2012-01-31,1.257200002670288,0.19912569533401825,1.6519065637865822,0.4144934385170334,0.016464117242291625,0.11,0.0,0.47839686593211617,0.6429822431118145,-0.04064571917615331,1.0242038443165082,0.9643822513802685,-0.09
2012-02-01,1.2581000328063965,0.19942618695121794,1.6452204601978906,0.4128166491832114,0.016495346639310078,0.11,0.0,0.0715644385819831,0.15079174757136063,-0.4055720452961118,-0.40535988978910736,0.18950190741139755,-0.11
2012-02-02,1.2502599954605105,0.1982399977076009,1.6465955832634622,0.4137193794458418,0.016409979739631868,0.11,0.0,-0.6251146396719036,-0.5965771330114669,0.08354799462701334,0.21843708932423475,-0.518864880513317,-0.11
2012-02-03,1.2474000453948977,0.19786808973027942,1.6387284244373752,0.41631347090044857,0.016374377007060046,0.11,0.0,-0.229010455287532,-0.18778111247939386,-0.47892833980534844,0.6250595743137198,-0.21719350385698716,-0.11
2012-02-06,1.243499994277954,0.19723694464798183,1.632361013351641,0.4133976186358367,0.01624407197330036,0.11,0.0,-0.3131441841739799,-0.31948244857324143,-0.3893148902953209,-0.7028625518809405,-0.7989694850808069,-0.11
2012-02-07,1.2486000061035156,0.19782935780163075,1.638367765901421,0.4150931013486661,0.016310907332809623,0.11,0.0,0.4092948874036605,0.29990591149221785,0.3673040296758855,0.4092948874036605,0.41060049696512924,-0.11
2012-02-08,1.2453999519348145,0.19741618274326386,1.6499734251521545,0.4143460444426112,0.016218256766330992,0.11,0.0,-0.2566203671755269,-0.20907267330633605,0.7058700277315543,-0.18013548356253478,-0.5696476966794026,-0.11
2012-02-09,1.2461999654769895,0.19785977077838532,1.651033326497341,0.4146536199380574,0.016171814235127924,0.11,0.0,0.0642168563321003,0.2244448301930401,0.0642168563321003,0.074204013047259,-0.2867703687869099,-0.11
2012-02-10,1.2482000589370728,0.1982717588476832,1.6574161790235706,0.4126417652228401,0.01607842124502058,0.12,0.0,0.1603667310096311,0.20800576931123668,0.3858520696577521,-0.486370096405528,-0.57917872404651,-0.11
2012-02-13,1.2553999423980713,0.19948197481634916,1.661746952080506,0.41472032857987406,0.0161570140502621,0.12,0.0,0.5751640282510144,0.60852713667492,0.2609558701102243,0.5024566016736868,0.4876184251756501,-0.12
2012-02-14,1.2584999799728394,0.19991738615286936,1.6559210104879585,0.41297498881606093,0.016236613924496063,0.12,0.0,0.24663186617504235,0.21803315255859448,-0.35120739306623383,-0.42173546570243053,0.49145489050615415,-0.12
2012-02-15,1.263800024986267,0.20069236871266236,1.6598371760704964,0.41598368165653865,0.01612812678844359,0.12,0.0,0.4202555448245465,0.38690197486545336,0.23621550083821852,0.7259001344896989,-0.6704057563037256,-0.12
2012-02-16,1.2645000219345093,0.2007748405085284,1.651192822369154,0.41514822474482466,0.0161123849113953,0.11,0.0,0.05537293463097121,0.04108519706309629,-0.5221561475363244,-0.20104081835169474,-0.09765278197698364,-0.12
2012-02-17,1.261299967765808,0.20017140060618885,1.655683850723648,0.41464216481159877,0.016001471732068322,0.09,0.0,-0.2533894919586182,-0.30100811335131156,0.2716176960650974,-0.121972971086568,-0.690752416106785,-0.11
2012-02-20,1.25,0.1984851635096342,1.6533954441547394,0.41329146772831576,0.01566651587262656,0.09,0.0,-0.8999358240476025,-0.8459648252225279,-0.138310794622436,-0.32628177633763,-2.1155013419720636,-0.09
2012-02-21,1.254680037498474,0.1991745351662681,1.6567806300271,0.41520948454311013,0.01576508507264921,0.1,0.0,0.37370385637910464,0.34671471588070313,0.20453214430972616,0.4630097855749516,0.6272001437046548,-0.09
2012-02-22,1.2562299966812134,0.19950291726525626,1.6636603410888569,0.41566737871948195,0.015736314266155096,0.08,0.0,0.1234579780644936,0.16473576383547042,0.41438597862284365,0.11021951458109146,-0.18266372350262405,-0.1
2012-02-23,1.2577199935913086,0.19976810622125613,1.667201273476735,0.41791659160383177,0.015666666825058018,0.08,0.0,0.11853832338199623,0.13283658437281087,0.21261367967256262,0.539650094754406,-0.44357288941158024,-0.08
2012-02-24,1.2516000270843506,0.1987139818934368,1.673844020491714,0.4158692379897707,0.01565870164275859,0.09,0.0,-0.48777984400944957,-0.5290711016362326,0.39764535847487514,-0.4910991902728288,-0.050854517349236295,-0.08
2012-02-27,1.2547999620437622,0.19926315213188725,1.6898525125512265,0.416199533949362,0.01540179882047844,0.1,0.0,0.2553412633179575,0.27598097481683653,0.9518464443947697,0.07939150899038735,-1.6542468855736108,-0.09
2012-02-28,1.2545000314712524,0.1990701190814169,1.6818609730523661,0.41752646322397846,0.015590824219554838,0.1,0.0,-0.023905517452139917,-0.09692038277041137,-0.4740352048155179,0.318313306655389,1.21982410262878,-0.1
2012-02-29,1.2482999563217163,0.19819318733967956,1.682458403988619,0.4163775834677785,0.015510684694997239,0.1,0.0,-0.49545212263755223,-0.44148712046922456,0.03551570915709239,-0.2755426089251718,-0.5153428545133023,-0.1
2012-03-01,1.2511199712753296,0.19877030893089934,1.66660442778344,0.41742958967694965,0.015393473549911912,0.11,0.0,0.22565365020039851,0.29076829645733865,-0.9467779751567533,0.252338142743528,-0.7585497471318936,-0.1
2012-03-02,1.2484999895095823,0.19819976790978,1.6633359882546015,0.4168892586016736,0.01539077844227745,0.11,0.0,-0.20963048513841315,-0.28744807090140057,-0.19630624996804383,-0.1295262960758823,-0.017509651636371,-0.11
2012-03-05,1.2539000511169434,0.19908231709671398,1.6534146538762116,0.41641208536449414,0.015361339605687028,0.11,0.0,0.4315912645444081,0.4442942040504679,-0.598258056772605,-0.11452598577703883,-0.19145897877486112,-0.11
2012-03-06,1.2563999891281128,0.19918511625839513,1.6616849791265764,0.4161229410112018,0.015412547215759466,0.11,0.0,0.19917450484311217,0.05162318349664053,0.49894985511559864,-0.06946118920107885,0.3327994129062961,-0.11
2012-03-07,1.263100028038025,0.20003483922718004,1.6576115979983113,0.41831429735293396,0.015659558277845397,0.11,0.0,0.5318558966430245,0.4256922732888976,-0.24543653020602982,0.525230964938012,1.5899551173100224,-0.11
2012-03-08,1.259619951248169,0.19961647942271135,1.6551298177492697,0.41987331708272296,0.015486242481334537,0.11,0.0,-0.27589895239786677,-0.2093624806229346,-0.14983244400174617,0.37199822588231723,-1.1129435188881198,-0.11
2012-03-09,1.2512999773025513,0.19810020427034405,1.6610911553079433,0.41619822881125756,0.015338317592758678,0.12,0.0,-0.6627056721823027,-0.7624937855726176,0.3595263420875409,-0.8791381454424583,-0.9597932544206126,-0.11
2012-03-12,1.256700038909912,0.1991285160413282,1.649429137981258,0.41538311322786564,0.015256212862818351,0.12,0.0,0.43062758511572463,0.5177440680745067,-0.7045457833732659,-0.19603995501996974,-0.5367294468827242,-0.12
2012-03-13,1.2568000555038452,0.19869728062905231,1.6549908675570038,0.41525147150572533,0.015259279911329582,0.12,0.0,0.007958352116878594,-0.21679618807415496,0.33662396537670203,-0.03169666316860291,0.02010158278785315,-0.12
2012-03-14,1.2583999633789062,0.19890304921928254,1.6460430673323572,0.4118474720374141,0.015168755752969105,0.13,0.0,0.12721915385125734,0.1035052504505171,-0.5421223965298747,-0.8231224847149977,-0.5950066999406932,-0.12
2012-03-15,1.2689000368118286,0.20040432541627137,1.6524287383837333,0.41616924450399834,0.01513478163450685,0.14,0.0,0.8309368770934269,0.7519436735205386,0.3871901538123381,1.0438947973053363,-0.2242255236553719,-0.13
2012-03-16,1.2639000415802002,0.19969349733381933,1.6530213551981774,0.4138100424622832,0.015137978375766428,0.15,0.0,-0.39482008622770914,-0.3553275173864374,0.035856951641436714,-0.5684981378893301,0.021119589164488205,-0.14
2012-03-19,1.256999969482422,0.1988011838840816,1.656366577346944,0.41280786140810566,0.015062912108457541,0.15,0.0,-0.5474306239268488,-0.4478428361388148,0.2021656787481967,-0.24247758015286244,-0.4971139638146595,-0.15
2012-03-20,1.2563999891281128,0.19884150821084948,1.662124567431107,0.40810758714134987,0.015070168498700477,0.15,0.0,-0.0477425300856081,0.02028168891708075,0.34702493461031086,-1.1451424477886143,0.04816228700811722,-0.15
2012-03-21,1.263200044631958,0.1998512840247297,1.6721823156855464,0.4102364356267907,0.01510101639676791,0.15,0.0,0.5397739262601245,0.5065443833819435,0.6032905255634334,0.520283213035402,0.20448589555487048,-0.15
2012-03-22,1.263800024986267,0.19997468985929162,1.670588189061334,0.40903648629179973,0.01518935591849093,0.14,0.0,0.04748558362120528,0.06172977572308392,-0.09537757634243924,-0.29293051459028413,0.5832861429547282,-0.15
2012-03-23,1.2640000581741333,0.20063175002442807,1.6690875363820226,0.41129769079518247,0.015319355538097918,0.14,0.0,0.015826662054192562,0.3280330463594676,-0.08986817306101465,0.5512900214153309,0.8522182694453668,-0.14
2012-03-26,1.2590399980545044,0.19970496906741636,1.6723873311331374,0.4098437458041978,0.015244645721681221,0.14,0.0,-0.3931817489189543,-0.4630015526598889,0.19750535045812556,-0.3541281551835762,-0.48887555381417575,-0.14
2012-03-27,1.257099986076355,0.1993498159987859,1.679492281848738,0.41169150548198774,0.015148155656583746,0.14,0.0,-0.15420543966707725,-0.17799719521761095,0.4239389343923576,0.44983165132791647,-0.6349555480436199,-0.14
2012-03-28,1.2573000192642212,0.1994732746587582,1.6758191336264616,0.4106810352762922,0.01513943829995167,0.13,0.0,0.01591100762513575,0.06191149249270237,-0.21894538150279771,-0.24574524662241637,-0.057563878367507024,-0.14
2012-03-29,1.2575000524520874,0.19955250358047835,1.6757730488603073,0.4108134621982722,0.015181331385611216,0.13,0.0,0.01590847642623557,0.03971118012021493,-0.0027500222967516553,0.03224048938470672,0.2763327761919582,-0.13
2012-03-30,1.258870005607605,0.19963050414752279,1.6760351105604343,0.41150300263848744,0.015301131178510652,0.09,0.0,0.10888329293826167,0.03908010437674141,0.015637034591288082,0.16770686987681457,0.7860284217961259,-0.13
2012-04-02,1.252900004386902,0.19902149270413325,1.6736574960182227,0.41065223068665024,0.0151188604182661,0.15,0.0,-0.4753629861772228,-0.30553561601070506,-0.14196018684440045,-0.2069614644603301,-1.1983760152759138,-0.09
2012-04-03,1.2525999546051023,0.19896435082478525,1.6701333225806534,0.4109310409315485,0.015361784897485506,0.15,0.0,-0.02395129021314018,-0.028715533815964804,-0.21078918710185657,0.06787145387027799,1.5939926483019056,-0.15
2012-04-04,1.2556999921798706,0.19946943987463708,1.6606933155944856,0.41027902202423333,0.015159965766282075,0.15,0.0,0.24718249164390566,0.2535373917606703,-0.5668281953268429,-0.15879470399519885,-1.3224803180850062,-0.15
2012-04-05,1.2583999633789062,0.1998665867722178,1.6540483592289092,0.41063792625245604,0.015264433844156017,0.15,0.0,0.21478638755405333,0.1989036811180954,-0.40093412511848703,0.08743984439436192,0.6867414955292003,-0.15
2012-04-06,1.2594000101089478,0.19956582029524808,1.6454141674985578,0.41203992389950306,0.015308132508780017,0.12,0.0,0.07943814386854828,-0.15059696133388023,-0.5233707835239685,0.3408379122019621,0.28586866983062303,-0.15
2012-04-09,1.2617000341415403,0.20006343336819726,1.650187040017215,0.41325210083377384,0.015513340781209455,0.16,0.0,0.1824619912207373,0.24903748940757442,0.289651299114763,0.2937573052041946,1.331612559661135,-0.12
2012-04-10,1.260800004005432,0.19991437012956717,1.6530745719020385,0.41160914205352245,0.015442843095917796,0.15,0.0,-0.07136017131344284,-0.0745357588484455,0.1748291815512614,-0.39836056478822074,-0.45546833191802744,-0.16
2012-04-11,1.2625000476837158,0.20009509536024878,1.6505425808363157,0.41196242624007845,0.015645525613602093,0.16,0.0,0.1347476638282258,0.09036048322364543,-0.1532860161717439,0.08579320166612274,1.3039306841922969,-0.15
2012-04-12,1.256500005722046,0.19923255584843585,1.6485174182028288,0.4095368520323667,0.01551081319803829,0.15,0.0,-0.47638373811910056,-0.4319965575145249,-0.12277211620605867,-0.5905254747232158,-0.864756644640464,-0.16
2012-04-13,1.250499963760376,0.19830948832449186,1.6493009355128265,0.4095300440600042,0.015451624354935307,0.15,0.0,-0.478664020003685,-0.4643882056512295,0.04751731239880931,-0.00166237273051814,-0.382327231831613,-0.15
2012-04-16,1.2489999532699585,0.19827913731474794,1.6307611016254242,0.4068006096085565,0.015438431023632904,0.15,0.0,-0.12002486259535353,-0.01530604149539121,-1.1304683338245853,-0.6687105550356816,-0.08542122662426528,-0.15
2012-04-17,1.249699950218201,0.19797853549212252,1.6404567340880198,0.4077590512981903,0.01554720644754624,0.16,0.0,0.05602889451248889,-0.15172040867210648,0.5927860106647252,0.23532766915576436,0.7021051017972452,-0.15
2012-04-18,1.2472399473190308,0.19796516408812226,1.6383028087710443,0.40751484351551087,0.015386627003257316,0.15,0.0,-0.19704148245753902,-0.006754194608735888,-0.13138661732707452,-0.059908158849866396,-1.0382217060316452,-0.16
2012-04-19,1.2509000301361084,0.19852090497885483,1.6411702974285447,0.4084038013085661,0.015386223655363839,0.13,0.0,0.293024848007416,0.280333307038651,0.17487500555143748,0.21790362322031664,-0.002621452903245578,-0.15
2012-04-20,1.250499963760376,0.1983975835408794,1.643880557163726,0.4088471799710306,0.015323064196237048,0.12,0.0,-0.03198739746700147,-0.06213942938436593,0.16500568606572244,0.10850490635583526,-0.4113384099718605,-0.13
2012-04-23,1.2476999759674072,0.1978152536930989,1.647563594292535,0.40741223705058194,0.01529044116787707,0.13,0.0,-0.22416051821060515,-0.2939482078118382,0.22379469293793813,-0.351590283359549,-0.21312842368615478,-0.12
2012-04-24,1.247499942779541,0.1978368741526304,1.64071337595027,0.4073469200912787,0.015386037427317034,0.14,0.0,-0.016033439789075014,0.010929024782822224,-0.4166454537656689,-0.016033439789075014,0.6232564705566016,-0.13
2012-04-25,1.2452000379562378,0.1974846544017839,1.643394549443613,0.40767419176615993,0.015299177384127222,0.15,0.0,-0.184531270807537,-0.17819411218770403,0.16328172824647214,0.08030999141246267,-0.5661376380819818,-0.14
2012-04-26,1.2431000471115112,0.1972705035253715,1.6449649558852713,0.41464312403738895,0.015290282908355116,0.14,0.0,-0.16878923534167284,-0.10849808703946656,0.09551307017983279,1.6949902388967006,-0.05815386043250574,-0.15
2012-04-27,1.2417000532150269,0.19724553288969823,1.637910729532308,0.4084136753445083,0.015318661622350894,0.13,0.0,-0.11268464166925292,-0.012658869805914135,-0.4297596306514503,-1.5137637287275774,0.18542764255471664,-0.14
2012-04-30,1.2374999523162842,0.19629769335836245,1.6386386180328145,0.4066443039567362,0.015401368709606818,0.16,0.0,-0.33882743688357364,-0.48169619033106836,0.04443018769251121,-0.43417136256884103,0.5384583686567062,-0.13
2012-05-01,1.236600041389465,0.19671037041958997,1.6372302998643982,0.40899621479452153,0.015472780348349298,0.16,0.0,-0.0727465315706723,0.21000953971940256,-0.08598135581579551,0.5767043942003637,0.4625990886932503,-0.16
2012-05-02,1.235200047492981,0.19645329085140784,1.6353767398205432,0.40830361376125734,0.015399576880584898,0.15,0.0,-0.11327728747029416,-0.1307748554326309,-0.11327728747028305,-0.16948521824133547,-0.47423398489274776,-0.16
2012-05-03,1.2404999732971191,0.19718645606598498,1.6309492079014376,0.409162860459862,0.015482831458384515,0.15,0.0,0.42815638858146227,0.3725061140835947,-0.2711018252122889,0.21022195824344073,0.539172842836751,-0.15
2012-05-04,1.242799997329712,0.19762745343357485,1.6350480201876392,0.40822493983345315,0.015494327534162728,0.16,0.0,0.18523937643320001,0.2233951440819655,0.2509992600635201,-0.22949230162613068,0.07422292217791625,-0.15
2012-05-07,1.2503999471664429,0.1987601286209704,1.6218108293956135,0.41002098436949436,0.015665638511819787,0.16,0.0,0.6096561483655415,0.5715003807167927,-0.8128853164459531,0.43899941750265925,1.0995692577706835,-0.16
2012-05-08,1.245100021362305,0.19767884648199938,1.626306192846869,0.40796199301680436,0.01557932995356494,0.16,0.0,-0.42475927384748297,-0.5454987466800677,0.2767982982546569,-0.5034324083195241,-0.5524651297026042,-0.16
2012-05-09,1.2488000392913818,0.1979645639882642,1.6228720579540834,0.4072262456662919,0.015637365761922005,0.15,0.0,0.29672565490654984,0.14443185372088935,-0.21138490451757636,-0.18050985413621237,0.3718258700424198,-0.16
2012-05-10,1.2520999908447266,0.19843734531585228,1.6197929241832298,0.40866216042919234,0.015708192262275825,0.15,0.0,0.2639012698435143,0.2385364654745272,-0.18991383403968803,0.35198839319311703,0.45190850221755063,-0.15
2012-05-11,1.252269983291626,0.19831970486602093,1.619803393834104,0.4080251613914616,0.015679048587250048,0.15,0.0,0.013575665649736727,-0.05930100207412844,0.0006463552767943128,-0.15599585052629245,-0.18570401610575782,-0.15
2012-05-14,1.2523000240325928,0.1984501810052813,1.6154541446521193,0.40745080769483477,0.015647882583206447,0.16,0.0,0.0023988741285302143,0.06576917685023137,-0.26886587854383415,-0.14086344990452523,-0.19897266129411603,-0.15
2012-05-15,1.2574000358581543,0.19891163396190237,1.6134993556007657,0.4086315102252831,0.015747026423120973,0.16,0.0,0.4064245705909251,0.23225843383948477,-0.12107881330665853,0.2893588865590149,0.6315939280089603,-0.16
2012-05-16,1.2609000205993652,0.19955685878382942,1.6058329418625021,0.4050043317851021,0.01569747984443538,0.16,0.0,0.27796425495547644,0.32385264963374677,-0.4762744272286412,-0.8916034131273216,-0.3151368908034046,-0.16
2012-05-17,1.266800045967102,0.2005033239205145,1.6127308448907771,0.40723955699071857,0.015766024518035424,0.16,0.0,0.4668303934268075,0.473162260785281,0.4286330205858451,0.5503841589960637,0.4357097750443865,-0.16
2012-05-18,1.2723000049591064,0.2012909916654024,1.6156189576179258,0.406472636705645,0.01602231577324149,0.16,0.0,0.43322180959220286,0.3920756085177314,0.1789219678352274,-0.18849920600907613,1.612520856943878,-0.16
2012-05-21,1.272699952125549,0.20111245552185986,1.6256226834458545,0.4066004112703336,0.01607553342883327,0.16,0.0,0.03143003351506561,-0.08873490349313168,0.6172793454098328,0.03143003351506561,0.3315966999548065,-0.16
2012-05-22,1.2668999433517456,0.20034156476968365,1.6229822168752577,0.40650065085838644,0.01595390863778853,0.16,0.0,-0.4567663487617349,-0.3840498093069043,-0.16256006704943163,-0.024538256581919878,-0.7594598456008176,-0.16
2012-05-23,1.2761000394821167,0.20195611003138264,1.6161347539964765,0.4061943222286097,0.0159504534089483,0.15,0.0,0.7235655785665966,0.8026662997194468,-0.4227987529146367,-0.07538588386254166,-0.02165991502151675,-0.16
2012-05-24,1.277899980545044,0.20186398469842734,1.6052002508879466,0.40636625435904095,0.016090405565442667,0.15,0.0,0.14095077108927465,-0.04562691939100678,-0.6788828288813352,0.04231860071754397,0.8735911022598344,-0.15
2012-05-25,1.2764999866485596,0.20133116254842506,1.6002257109399238,0.4052252276389961,0.016024352598112322,0.15,0.0,-0.10961431683702627,-0.264300036251646,-0.31038270737690965,-0.28118271251873783,-0.41135642458442573,-0.15
2012-05-28,1.276900053024292,0.20137520923525046,1.6049523605078377,0.40612578257993615,0.016043474202503447,0.15,0.0,0.03133597343073928,0.021875336516752258,0.29493855810365954,0.2219890773337454,0.11925726539742766,-0.15
2012-05-29,1.2783000469207764,0.20165641292546846,1.6010772820932855,0.4061705653365518,0.016066918401886267,0.16,0.0,0.10957999231485237,0.13954425429042153,-0.24173702264758892,0.0110262114992788,0.14602252820396855,-0.15
2012-05-30,1.2792999744415283,0.2017346075358996,1.5963313917002893,0.40481612754284474,0.01609182357788086,0.16,0.0,0.0781926464925775,0.038768642554876255,-0.29685876048075216,-0.3340225098387732,0.15488902513256264,-0.16
2012-05-31,1.2884000539779663,0.20287528523545237,1.5943572224052789,0.40662776572328607,0.016312577766317126,0.16,0.0,0.7088147007883469,0.5638422302307668,-0.12374567284335826,0.4465228478645043,1.3625161671136006,-0.16
2012-06-01,1.287619948387146,0.20218257863440653,1.5918159185570033,0.4166380520666659,0.016396953320964844,0.16,0.0,-0.0605667358134933,-0.34202880039040995,-0.15952079656351015,2.4319677803821143,0.5159092104933776,-0.16
2012-06-04,1.294160008430481,0.20317440657739885,1.6050601864468206,0.4049438415657459,0.01657055100787625,0.17,0.0,0.5066329541431991,0.4893612092486367,0.8285803533180628,-2.8469469538659853,1.0531539767258804,-0.16
2012-06-05,1.2843999862670898,0.20181958021156882,1.6067051306118856,0.4018396190315356,0.01639080646324925,0.17,0.0,-0.7570170012411133,-0.6690624868651412,0.10243240999936343,-0.7695343310081595,-1.0906488091149422,-0.17
2012-06-06,1.2848000526428225,0.20177465053470542,1.601196505540486,0.405005835516814,0.016319065132234276,0.16,0.0,0.0311432642773887,-0.02226477666240376,-0.3434413589199336,0.7848424304971143,-0.4386531805281756,-0.17
2012-06-07,1.274549961090088,0.20027811940986953,1.602602757452587,0.40376025695763923,0.016078592343444616,0.16,0.0,-0.8009960576743873,-0.7444485640833064,0.08778652387212449,-0.3080197242595114,-1.4845345242779306,-0.16
2012-06-08,1.2763999700546265,0.20041451094918056,1.6045254100112627,0.4011817740781701,0.01601706526478182,0.17,0.0,0.14504473539747784,0.06807789025541884,0.11989871864242856,-0.6406651906775059,-0.3833986191008053,-0.16
2012-06-11,1.2762000560760498,0.2002227943260724,1.6138088546562985,0.40300631631951034,0.016040725178958982,0.17,0.0,-0.015663556917564235,-0.09570583428828365,0.5769115094790986,0.4537608536407892,0.14760791773567059,-0.17
2012-06-12,1.285599946975708,0.20173235822945917,1.6041926002706646,0.4045311383819556,0.01621042228098379,0.16,0.0,0.7338537804413968,0.7511141434075095,-0.5976556035830363,0.37764783931482226,1.0523573980332743,-0.17
2012-06-13,1.282099962234497,0.2012494680144781,1.6032260655345283,0.40397640740165075,0.01612156821389742,0.17,0.0,-0.27261650758382294,-0.2396586717621449,-0.060268699917289996,-0.13722347311305313,-0.5496369967760149,-0.16
2012-06-14,1.2810200452804563,0.2016655708214875,1.6107381582457945,0.4021283363426293,0.01613944487581856,0.17,0.0,-0.08426581781392332,0.20654625160716739,0.46746670890237985,-0.4585196430579809,0.11082518519263415,-0.17
2012-06-15,1.2782800197601318,0.2005585569436456,1.6141938475989548,0.40519859359718363,0.01609478566282421,0.18,0.0,-0.21412311941387424,-0.5504476716170683,0.2143109169147423,0.7606019178273633,-0.27709202808647193,-0.17
2012-06-18,1.2663400173187256,0.1988974132774302,1.6088680144949308,0.40146467602306346,0.01601907587450625,0.17,0.0,-0.9384576005239533,-0.8317078054526191,-0.3304831355560213,-0.9257751983904723,-0.4715093418184444,-0.18
2012-06-19,1.2692999839782717,0.19965080244634797,1.5990173100695417,0.40254345419171594,0.016067088404788248,0.17,0.0,0.23346910464758283,0.37806721323736514,-0.6141575768388794,0.26835022569673944,0.29927270644805537,-0.17
2012-06-20,1.2662999629974363,0.19926982317998684,1.605756971954235,0.40174491843921145,0.016022218510525578,0.16,0.0,-0.23663215360867276,-0.1910051061360952,0.420601966148886,-0.1985695782912039,-0.279656544930724,-0.17
2012-06-21,1.2691700458526611,0.19987245343348825,1.609396437870316,0.39995274153564464,0.01598028334938701,0.17,0.0,0.22639463855455766,0.30196285721512706,0.22639463855455766,-0.4470962005840314,-0.2620744173319358,-0.16
2012-06-22,1.2782800197601318,0.2008326913598523,1.6044684691546252,0.4010038606053485,0.015974507290496025,0.17,0.0,0.7152260109304782,0.4792749865740281,-0.306669553350462,0.26246607376988,-0.03615144294941738,-0.17
2012-06-25,1.2783000469207764,0.20085792774915437,1.6026831177568965,0.4003319835565772,0.01586767732944666,0.17,0.0,0.0015667149177848038,0.012565087724104829,-0.11133565307208612,-0.16768929309919248,-0.670998947778243,-0.17
2012-06-26,1.281000018119812,0.201307480537492,1.6018506196822244,0.4016429532597466,0.016082862442929207,0.16,0.0,0.2109930162204815,0.22356620749581974,-0.05195751779263235,0.3269356212267503,1.3470092753714236,-0.17
2012-06-27,1.278499960899353,0.20093670357114138,1.59652831368561,0.40092193651302527,0.01608985622489374,0.15,0.0,-0.1953551893765782,-0.18435422363356901,-0.3328130293615722,-0.17967816680952464,0.043476475500281817,-0.16
2012-06-28,1.2768700122833252,0.2008415077522037,1.5927030200096226,0.4000093960266907,0.016023970024525894,0.15,0.0,-0.12757047740127883,-0.047387249002638625,-0.23988824328941843,-0.22786994193436214,-0.4103297582804812,-0.15
2012-06-29,1.2806600332260132,0.2014439936473715,1.593257054189792,0.40444023249594313,0.016146911301619108,0.09,0.0,0.296381559520822,0.2995317223844827,0.03477973187679124,1.1015932183135262,0.76430530035564,-0.15
2012-07-02,1.2659000158309937,0.19922569215716557,1.602019796640974,0.40065198380691447,0.015855660331246402,0.18,0.0,-1.1592251820711377,-1.1073082066502637,0.5484823273806193,-0.9410789398990205,-1.8202225441971562,-0.09
2012-07-03,1.2674700021743774,0.19964244536411493,1.5947031691109146,0.402499215808038,0.01595505995998986,0.17,0.0,0.12394451131993557,0.20896798686120927,-0.45775879766141436,0.45999688707422043,0.6249462529868189,-0.18
2012-07-04,1.2619999647140503,0.19865567685173244,1.5908231099695058,0.40039339556568226,0.015806613509514,0.17,0.0,-0.43250531208864995,-0.49549343881861174,-0.24360565384116475,-0.5245595839883823,-0.934758878636685,-0.17
2012-07-05,1.266800045967102,0.1995714993567401,1.5855614031109155,0.40101300351114577,0.01584688525492141,0.17,0.0,0.37963358096642946,0.459950588144244,-0.33130193461603974,0.15463017755702316,0.25445381211078955,-0.17
2012-07-06,1.264899969100952,0.19900880738344381,1.5674102053893078,0.39908500526596996,0.015838967686371316,0.17,0.0,-0.15010287250421503,-0.28234829347987445,-1.1513835516424455,-0.4819414511187909,-0.04997541792261748,-0.17
2012-07-09,1.2725000381469729,0.19992773423760185,1.5615413972957415,0.399466355511264,0.01601072106699023,0.17,0.0,0.5990456177212294,0.4606890487674379,-0.3751298019950164,0.09551051892584293,1.0785351584626899,-0.17
2012-07-10,1.2689599990844729,0.19916813761241653,1.5631436018728666,0.4001261181180074,0.015950124695214517,0.17,0.0,-0.2785832789120995,-0.3806591829105371,0.10255143913506194,0.16502475404184772,-0.3791917450140164,-0.17
2012-07-11,1.2683000564575195,0.19923969126221738,1.5544796578005844,0.3995400768746678,0.015983617906069125,0.17,0.0,-0.052020102582234426,0.03591980146188835,-0.555805859433402,-0.14657149493782992,0.20976697629367208,-0.17
2012-07-12,1.263200044631958,0.1982547577819065,1.547072383610839,0.39631047372918915,0.015867353786550607,0.18,0.0,-0.4029246313821381,-0.49557194996801446,-0.4776504262327244,-0.8116149122077501,-0.7300539338388305,-0.17
2012-07-13,1.2690999507904053,0.19903391920622612,1.547380931864211,0.39902529118475705,0.016001765097178346,0.19,0.0,0.46597297670396387,0.39223993454341455,0.019942020314323797,0.6826872672562476,0.8435257222151108,-0.18
2012-07-16,1.2644000053405762,0.19778809684641677,1.5487506130784823,0.3982111398063067,0.01597069640752551,0.18,0.0,-0.3710243475661694,-0.6279018817336909,0.08847694510003846,-0.20424346651100161,-0.19434662187203836,-0.19
2012-07-17,1.2640999555587769,0.19817206564576909,1.5508526331702228,0.39981653902672404,0.016037807161293164,0.17,0.0,-0.023733422016823744,0.19394320746334823,0.13563157907535187,0.4023422817711604,0.41933139399847974,-0.18
2012-07-18,1.2603000402450562,0.19774685411153364,1.5496127367733692,0.3990564340592057,0.015933802335735218,0.16,0.0,-0.3010551568733877,-0.21479736203690908,-0.07998131344863536,-0.1902943828369047,-0.6506096756765735,-0.17
2012-07-19,1.2578999996185305,0.19749112864586454,1.5443830548728954,0.3996759119361024,0.015963399816408114,0.13,0.0,-0.19061562347955596,-0.12940330257220348,-0.3380539104166088,0.15511529092613374,0.18558047208168899,-0.16
2012-07-20,1.2537000179290771,0.1967174619103011,1.5391509165458785,0.39769699633735095,0.01592202250371078,0.13,0.0,-0.33444701186573667,-0.39251693008127037,-0.33936018846259464,-0.49635989413416104,-0.2595376376596718,-0.13
2012-07-23,1.2582999467849731,0.19741444944006664,1.5259519073065064,0.3969650860222616,0.01603951556065889,0.14,0.0,0.3662367883803134,0.35368273222910773,-0.8612494643248705,-0.18420673096081425,0.7352185990845379,-0.13
2012-07-24,1.2608400583267212,0.19743506909998654,1.5286615243208956,0.3971525025013786,0.016100421479467972,0.15,0.0,0.2016650442178109,0.010444313071418061,0.1774114980992389,0.04720119168878058,0.3790050468353723,-0.14
2012-07-25,1.2624000310897827,0.1976329203372289,1.5226884118286534,0.39810786173797597,0.016162443757795374,0.15,0.0,0.12364839702390952,0.10016060985594923,-0.3915067263186288,0.2402633751502365,0.38448137991117837,-0.15
2012-07-26,1.2561700344085691,0.1966268133019701,1.525033382428745,0.3974718607377155,0.016083506209170626,0.14,0.0,-0.4947259139893554,-0.5103788865017497,0.15388353800886378,-0.15988369682534684,-0.4895976479970769,-0.15
2012-07-27,1.2512999773025513,0.19600256654478032,1.5366572881793417,0.3962945260378382,0.015975946290810235,0.14,0.0,-0.3884443847322432,-0.3179829708259489,0.7593165247735657,-0.29664535633046846,-0.6710053575138744,-0.14
2012-07-30,1.2477200031280518,0.19554288616371834,1.5352774978026673,0.3963532409059936,0.015894522332841422,0.14,0.0,-0.2865104442126405,-0.2348031826581893,-0.08983201568986711,0.014814870037198648,-0.5109691739276387,-0.14
2012-07-31,1.246760010719299,0.19542918072072846,1.5284541429420242,0.3996666266945813,0.015963432527708217,0.13,0.0,-0.07696934437777483,-0.05816550890795448,-0.44542844755362565,0.8324930217102282,0.43260970542683064,-0.14
2012-08-01,1.2457200288772583,0.19581250446908338,1.5314974588217325,0.4003857012301703,0.015946236368146596,0.14,0.0,-0.0834495671677524,0.1959524690341519,0.19891274629265787,0.17975692442024926,-0.10778025483383505,-0.13
2012-08-02,1.2474000453948977,0.19586107483620893,1.52699235147864,0.39944921248501586,0.01591477531393383,0.14,0.0,0.13477223093012514,0.024801451995147616,-0.2945970646128727,-0.23417061622070345,-0.19748942533325725,-0.14
2012-08-03,1.2487000226974487,0.19610214676319332,1.5209501882686993,0.3998527071109187,0.01596394788046801,0.14,0.0,0.10416068143279798,0.12300743748227465,-0.3964753958457395,0.10096176433085816,0.3084979610548406,-0.14
2012-08-06,1.2405999898910522,0.1947108195746686,1.5418842150933756,0.39984529341345526,0.015781706910808584,0.14,0.0,-0.6507902907379464,-0.7120199104928123,1.3669921423206934,-0.0018541242966131485,-1.1481443543952814,-0.14
2012-08-07,1.2415000200271606,0.19477565200972197,1.5382233625832384,0.40071654084832287,0.015875959954945593,0.13,0.0,0.07252166890607722,0.03329123878856493,-0.23770950472625993,0.2176590842943892,0.5954533732796294,-0.14
2012-08-08,1.242799997329712,0.1952031607696201,1.5394525447670446,0.4002705543022925,0.0158096932665086,0.13,0.0,0.10465542906426058,0.2192472601790465,0.07987730262475429,-0.11135924531594384,-0.418276275309302,-0.13
2012-08-09,1.2450000047683716,0.19571163263315913,1.5404793679110185,0.40141866548017263,0.015880101792567082,0.13,0.0,0.17686373585394755,0.2601447470795867,0.06667830400995232,0.2864232010254945,0.4443616109400614,-0.13
2012-08-10,1.2446999549865725,0.19563679342502388,1.5302433724016853,0.39973663545127563,0.015833862680604882,0.13,0.0,-0.02410328859717864,-0.03824684299940386,-0.6666856169184795,-0.4199017340003744,-0.29160116368328837,-0.13
2012-08-13,1.244860053062439,0.1957511861319068,1.52833575361268,0.3998651141429349,0.015908754671724458,0.13,0.0,0.012861555903009901,0.05845489187978509,-0.12473890376949749,0.03213567074613529,0.47187117087317115,-0.13
2012-08-14,1.2461999654769895,0.19586332551395116,1.5362425322768727,0.4005785731364879,0.01590961236238503,0.13,0.0,0.1075777005613278,0.05727029094917319,0.5160120232508869,0.1782659277177155,0.005391167056795898,-0.13
2012-08-15,1.2468199729919434,0.19607478639849185,1.536817483494815,0.3997370829662386,0.01581957665888384,0.13,0.0,0.049739476060286524,0.10790525270780303,0.03741880872485374,-0.2102896460749923,-0.5675275539010893,-0.13
2012-08-16,1.2490999698638916,0.19632836957409702,1.5350865002537262,0.39917550082225917,0.01581339414666345,0.13,0.0,0.182697967750595,0.12924626473847378,-0.11269775575364789,-0.14058665437758192,-0.039089039958452296,-0.13
2012-08-17,1.2489999532699585,0.19618929872364815,1.543499734469762,0.3992711244939455,0.01576025177627708,0.13,0.0,-0.00800741339931133,-0.07086094079345132,0.5465661520536413,0.0239524269028338,-0.3366251759370956,-0.13
2012-08-20,1.2522000074386597,0.19693324002318455,1.5442864343589946,0.4001661813773237,0.01574896206508926,0.13,0.0,0.25588165400700497,0.37847852222501943,0.05095559493052076,0.2239218137048578,-0.0716597483375864,-0.13
2012-08-21,1.252400040626526,0.19693991692972457,1.547127921366766,0.4001789434406477,0.0157872180980621,0.13,0.0,0.015973263950578385,0.0033903841492124945,0.18383092533123965,0.0031891400170674217,0.2426169024939051,-0.13
2012-08-22,1.250309944152832,0.19670405240700256,1.559962501246446,0.40387298122424764,0.015778375043458245,0.13,0.0,-0.16702670084160398,-0.11983648643015848,0.8261525178574216,0.9188619941339854,-0.05602970801500121,-0.13
2012-08-23,1.246500015258789,0.1962404942608983,1.5624216256071577,0.40324144978420695,0.015871095786935328,0.13,0.0,-0.30518396778527346,-0.23594085480005209,0.15751584489632492,-0.15649120983600662,0.5859245434987375,-0.13
2012-08-24,1.2474000453948977,0.19629256646403517,1.5668885642924124,0.4030762289973901,0.01587022989326904,0.13,0.0,0.07217852787148159,0.026531372081709425,0.285490504178707,-0.04098156185262108,-0.005455938893189031,-0.13
2012-08-27,1.250100016593933,0.19671743760140142,1.5631720861388345,0.40246610972980507,0.015878317836802675,0.13,0.0,0.21621398869675668,0.21621398869675668,-0.23747015250742523,-0.15148040144372607,0.050950007397891954,-0.13
2012-08-28,1.2523000240325928,0.19699544578124373,1.565570743719519,0.40163566766377323,0.015902222527398004,0.13,0.0,0.17583183901478122,0.14122383990034823,0.15333047048387663,-0.20655155469753625,0.1504360519337461,-0.13
2012-08-29,1.252400040626526,0.19707317653306902,1.574553613765673,0.40162911081482844,0.015939926759462972,0.13,0.0,0.007986313043842223,0.03945036393758297,0.5721362294770475,-0.0016325498442370514,0.2368197532576682,-0.13
2012-08-30,1.2539199590682983,0.19740863980661968,1.5713282545237914,0.40179439621610585,0.015928861021644918,0.14,0.0,0.12128687703727326,0.1700779810477502,-0.20505286002780476,0.041145274481700266,-0.06944561769202709,-0.13
2012-08-31,1.253499984741211,0.19739534974527562,1.5682471859884117,0.401775694571119,0.01596205277252182,0.13,0.0,-0.03349852361600007,-0.006732485841478875,-0.19627300460596098,-0.00465463939104385,0.20815811723718317,-0.14
2012-09-03,1.248900055885315,0.1967205483800147,1.5707458758963782,0.4017435072601973,0.015952229419857106,0.13,0.0,-0.367641780873273,-0.34243836794544125,0.15920331051797112,-0.008011584755052939,-0.061560858024209734,-0.13
2012-09-04,1.2457000017166138,0.1964175862165411,1.567904396942211,0.4013338121317796,0.01590140353099211,0.14,0.0,-0.2565586346589836,-0.1541250755321558,-0.1810638002616144,-0.10203131232003812,-0.31912172829448654,-0.13
2012-09-05,1.2477999925613403,0.19658442126158485,1.5640510781746997,0.4009382378521399,0.015901618110745322,0.16,0.0,0.1684372445187575,0.08490290221989188,-0.2460648462201163,-0.0986135093960671,0.0013494299732549255,-0.14
2012-09-06,1.2472000122070312,0.196431107419826,1.5717706972418455,0.4005781162153267,0.01590410662239633,0.16,0.0,-0.04809461841502792,-0.07801923249702505,0.49235162035926705,-0.08986009061908226,0.015648199668240374,-0.16
2012-09-07,1.2424999475479126,0.19587903692909422,1.5696058245496405,0.3997104539241236,0.015749777629114132,0.15,0.0,-0.3775611775292607,-0.2814461278177403,-0.13782958011589264,-0.2168374417792516,-0.9751107630696698,-0.16
2012-09-10,1.236199975013733,0.1948981439827464,1.5818298760173093,0.39882563699626133,0.01580434353596615,0.15,0.0,-0.5083298742806324,-0.502022663734877,0.775780560754613,-0.22160984332230244,0.34585632068852656,-0.15
2012-09-11,1.2367000579833984,0.1951338939081131,1.5782287698536948,0.4007842771227884,0.015809322869516928,0.15,0.0,0.0404450620574706,0.12088748162921052,-0.22791398046627617,0.4898998897467961,0.03150114591638536,-0.15
2012-09-12,1.2298500537872314,0.19413269246228343,1.5805810042409973,0.40070703707668315,0.015818007122665356,0.15,0.0,-0.5554334188506183,-0.5144051344960192,0.1489317173435011,-0.01927408194598641,0.054916133412601986,-0.15
2012-09-13,1.2286299467086792,0.1941761081033828,1.5853290627126881,0.39926880680377774,0.015786071152557108,0.15,0.0,-0.09925703511734793,0.022361399595907216,0.299949267737624,-0.3595688128528073,-0.20210037894618726,-0.15
2012-09-14,1.225119948387146,0.1935418583180439,1.5918919095399389,0.4038501817179262,0.015777868161162504,0.16,0.0,-0.2860927857914674,-0.32717098820471957,0.4131192774085973,1.1409080534474594,-0.05197698232626147,-0.15
2012-09-17,1.2206000089645386,0.19327664739978664,1.6009969922108525,0.40234697341927933,0.01558219404480045,0.16,0.0,-0.36962077812323246,-0.13712423572991667,0.5703366219253534,-0.3729137546800163,-1.2479353803625406,-0.16
2012-09-18,1.2238199710845947,0.1940261582701746,1.6044416829801946,0.40015040701647875,0.01555578184641771,0.16,0.0,0.26345423525958733,0.3870417642541519,0.2149279673972518,-0.5474340333016913,-0.16964625324077082,-0.16
2012-09-19,1.2247999906539917,0.1938404007526942,1.5979126142641178,0.40060181703124653,0.01554906744764731,0.15,0.0,0.08004669054725524,-0.09578424711349354,-0.4077673584394529,0.1127465023586123,-0.043172682247788904,-0.16
2012-09-20,1.2238399982452393,0.19395245789909477,1.5981195466015663,0.3991650372915898,0.015610800779356872,0.16,0.0,-0.078410257309323,0.05779227080612688,0.012949327623891595,-0.35930003289939466,0.39623667230797593,-0.15
2012-09-21,1.2238999605178833,0.194177370411388,1.5878307589789102,0.40171331611625705,0.01565089524655531,0.15,0.0,0.004899398928508722,0.11589551797503682,-0.6458872489474257,0.6363731554583694,0.2565087265210531,-0.16
2012-09-24,1.2249000072479248,0.19425898046461204,1.5885099265990732,0.39927635089481955,0.015687755872474205,0.16,0.0,0.08167647817707323,0.04201978225817524,0.04276415521779395,-0.6084904315420187,0.23524077521549186,-0.15
2012-09-25,1.2271499633789062,0.19449550630826365,1.5881325030068183,0.40007496197685083,0.01576017143209884,0.15,0.0,0.18351638746264703,0.12168393208799343,-0.023762422267816483,0.19981485859409723,0.46054346868661095,-0.16
2012-09-26,1.2288199663162231,0.19486828960731842,1.5851854734701902,0.3991100480314032,0.015809232406494567,0.15,0.0,0.135995410571644,0.19148334635565614,-0.18573810791803713,-0.24147460280949423,0.31081368620546235,-0.15
2012-09-27,1.2307000160217283,0.19529341777347045,1.5853406920348332,0.4009317089553606,0.015839533153470055,0.14,0.0,0.152879430553843,0.21792417162298927,0.009791344191118252,0.45539224827037494,0.19148144136145975,-0.15
2012-09-28,1.22599995136261,0.19452905711249174,1.5831611389089206,0.40153276453741976,0.015796932633950878,0.09,0.0,-0.3826328372128288,-0.39215883629322346,-0.1375762796411357,0.14980244342638308,-0.26931292233269666,-0.14
2012-10-01,1.2289999723434448,0.19555116504090497,1.5742281175650135,0.4019886618411594,0.015764696547116423,0.15,0.0,0.24440102381858972,0.5240513153663627,-0.5658501029507068,0.1134748465175782,-0.20427398002201125,-0.09
2012-10-02,1.2289999723434448,0.19555116504090497,1.5839669580450533,0.40326813226238467,0.015748131963664057,0.16,0.0,0.0,0.0,0.6167365293188808,0.3177797461159282,-0.10512915381313297,-0.15
2012-10-03,1.2310999631881714,0.19466492731667928,1.590157528595526,0.40311067556304725,0.015739947846699253,0.16,0.0,0.1707240689259173,-0.45422998454257696,0.39006525583356066,-0.0390527875511015,-0.051982319648464864,-0.16
2012-10-04,1.22979998588562,0.1945116554156481,1.5892995319114787,0.4031602341823178,0.015683223509879485,0.15,0.0,-0.10565057095968788,-0.07876728238868232,-0.05397127173264874,0.012293292176101327,-0.3610354778725411,-0.16
2012-10-05,1.2283999919891355,0.19430251979781876,1.5990627391007874,0.4024506115085491,0.015651597444555316,0.15,0.0,-0.11390399971110371,-0.10757613859282099,0.612429634723546,-0.1761701350213849,-0.20185898690192294,-0.15
2012-10-08,1.229490041732788,0.1944134403822358,1.6002734339994618,0.4012564964802116,0.015622093306186177,0.15,0.0,0.08869801334983822,0.057070251180949806,0.07568413514311301,-0.2971520085192317,-0.18868349986285482,-0.15
2012-10-09,1.229099988937378,0.1954955417533434,1.5949908063261944,0.40067152959943025,0.015700124416449187,0.16,0.0,-0.03172979584370775,0.5550547429537555,-0.3306538732915249,-0.1458901461255513,0.4982487024509889,-0.15
2012-10-10,1.2310999631881714,0.19577005582372986,1.5830011413254397,0.40095751802407653,0.015739141836760673,0.16,0.0,0.16258635316464845,0.14032111032996863,-0.7545470273861258,0.07135181481443074,0.24820833939686854,-0.16
2012-10-11,1.2306400537490845,0.19537070891963337,1.5824097700406128,0.40164494040974846,0.015762281163647123,0.16,0.0,-0.03736458287823509,-0.204196074074943,-0.03736458287823509,0.17129839225912372,0.1469097510156953,-0.16
2012-10-12,1.2280700206756592,0.19562107814962756,1.588295498006886,0.4018816795316578,0.015663758755942187,0.16,0.0,-0.20905547475227387,0.12806880988030941,0.37125713234369584,0.058925024481842406,-0.6270133350389931,-0.16
2012-10-15,1.222599983215332,0.1951165054912374,1.5824488575647138,0.40037986443652335,0.015580873057527313,0.16,0.0,-0.44641233097307864,-0.2582669085243335,-0.36878703628556475,-0.3743958215867658,-0.5305608550106707,-0.16
2012-10-16,1.2210999727249146,0.19476210391531698,1.5835818569399152,0.40038691229091666,0.015498355735219954,0.16,0.0,-0.12276553634701749,-0.1818010349799624,0.07157223196708701,0.0017602764246288376,-0.5310139241652069,-0.16
2012-10-17,1.2187000513076782,0.19456552032741342,1.597457155425914,0.4018001699924295,0.015460832204128052,0.15,0.0,-0.1967310572697252,-0.10098620923321214,0.8723807806218693,0.35235151372457013,-0.2424065485162454,-0.16
2012-10-18,1.2164000272750854,0.1944870924071014,1.5954880965834803,0.40098897144093565,0.015385783769770227,0.15,0.0,-0.1889059703788345,-0.04031738577625012,-0.1233381055193617,-0.20209511706644434,-0.48659199763886557,-0.15
2012-10-19,1.218999981880188,0.19499319468761542,1.593130723756403,0.4001181449867577,0.015370454462591743,0.16,0.0,0.21351363907802065,0.2598861006002402,-0.14786171627259503,-0.21740583233364427,-0.09968259662977655,-0.15
2012-10-22,1.2225600481033323,0.19549699765531173,1.5920823542267184,0.400957685646843,0.015425261992396497,0.15,0.0,0.29162246288712385,0.25803631287723694,-0.0658272801143488,0.20960336970549323,0.3559429295976982,-0.16
2012-10-23,1.2207800149917605,0.19518114757304103,1.5955822320736248,0.3996922329468819,0.015261658302215026,0.15,0.0,-0.14570492690512626,-0.1616932786968007,0.21958892841453986,-0.3161066339505201,-1.0662864745474305,-0.15
2012-10-24,1.2245999574661257,0.19589525143009964,1.5887389023905174,0.40079858600002066,0.015342019069758687,0.17,0.0,0.31242143343796197,0.36519956333335823,-0.42981470332140237,0.2764188498852079,0.5251718691602619,-0.15
2012-10-25,1.2225600481033323,0.1956784904903505,1.5850642197380858,0.40256841864948417,0.015313009937096049,0.16,0.0,-0.16671650653283557,-0.11071271573365861,-0.23156346837215602,0.4406044814886447,-0.18926187488121715,-0.17
2012-10-26,1.2209700345993042,0.1954677987579821,1.5797258130217529,0.4020316293613938,0.01521742413300088,0.16,0.0,-0.1301407123812781,-0.10773041112081735,-0.33736277757881095,-0.13343011078789466,-0.626169390141274,-0.16
2012-10-29,1.221400022506714,0.19503704541275343,1.5785461282499405,0.3994636361764947,0.015334588814915109,0.17,0.0,0.03521070941737917,-0.22061366273248137,-0.0747044490538791,-0.6408027801860843,0.7669887839188875,-0.16
2012-10-30,1.2211999893188477,0.19557975617003537,1.5763521393230349,0.4008929073878217,0.015310164864516649,0.17,0.0,-0.016378710173190644,0.27787391852560517,-0.139084629329369,0.35715900423759706,-0.15940056706233507,-0.17
2012-10-31,1.2193000316619873,0.19534116824531425,1.5805302942140997,0.4007032756325234,0.015301692442826215,0.18,0.0,-0.15570235807162483,-0.12206456060244583,0.2647014843671945,-0.04731353837572507,-0.055353857308964874,-0.17
2012-11-01,1.219599962234497,0.19552704207465707,1.5812264318066693,0.3999868791976012,0.015271724930044778,0.17,0.0,0.02459556150497443,0.09510819168526874,0.04403486189114095,-0.1789447820149688,-0.1960364588173081,-0.18
2012-11-02,1.2200000286102295,0.19550969484591604,1.5796971023988817,0.4000524902413417,0.015208177637067558,0.16,0.0,0.032797702969345095,-0.008872429168177433,-0.09676472781257303,0.016401953802249368,-0.41697892513112356,-0.17
2012-11-05,1.2242000102996826,0.19603510000347427,1.5703932158509701,0.4001438117389469,0.015207453544095436,0.17,0.0,0.3436695652058271,0.2683756647129043,-0.5907077360802532,0.022824773815048948,-0.004761321361022909,-0.16
2012-11-06,1.2238999605178833,0.1961126745561895,1.5668929066518018,0.40017656103017657,0.015268212382784675,0.16,0.0,-0.02451287013426794,0.039563939290110206,-0.22314258342421384,0.008184045380386498,0.3987372701624138,-0.17
2012-11-07,1.2230000495910645,0.19581785670194923,1.5664225272910812,0.4007996562721925,0.01523228341817776,0.16,0.0,-0.07355518931502819,-0.15044396204598418,-0.030024386256073617,0.15558398720129737,-0.23559604709489393,-0.16
2012-11-08,1.2237000465393066,0.19598642085601578,1.5614393909990554,0.3998235736814746,0.015301988593974258,0.16,0.0,0.0572196787377366,0.08604508634628645,-0.3186291874848343,-0.24383081524380668,0.4565708778415223,-0.16
2012-11-09,1.2247300148010254,0.1954003068500971,1.5609610508127503,0.40046104288930606,0.015409480141581387,0.16,0.0,0.08413295839938556,-0.299506550717446,-0.03063925969531957,0.15931065759758845,0.7000120213802763,-0.16
2012-11-12,1.2235499620437622,0.19593414749522473,1.5568377051496185,0.399500424065431,0.015398313316654155,0.16,0.0,-0.09639852139509034,0.27283106322214223,-0.264503798343904,-0.2401663893308438,-0.07249351000364525,-0.16
2012-11-13,1.222599983215332,0.19658476280204082,1.5538890506323924,0.39951636913167315,0.015359682275656377,0.16,0.0,-0.07767135273373695,0.3315080550719737,-0.1895798398158919,0.003991171745067951,-0.2511936201743543,-0.16
2012-11-14,1.2227100133895874,0.19613570307777953,1.554028895786459,0.40012763563011927,0.015387742606059483,0.16,0.0,0.008999282257249502,-0.2286918859552429,0.008999282257249502,0.1528846871530888,0.1825215496978669,-0.16
2012-11-15,1.2231999635696411,0.19632451972271275,1.5574230023025137,0.39994768417707116,0.015251870450307431,0.16,0.0,0.04006281434904482,0.09622206202410762,0.21816875037667058,-0.0449836288228364,-0.8869109812546162,-0.16
2012-11-16,1.2239500284194946,0.19626221157843476,1.5647533843375925,0.3988106960369767,0.015088140865121771,0.16,0.0,0.06130109521667175,-0.03174235899142527,0.46956959483450317,-0.2846890714837155,-1.0793085928340507,-0.16
2012-11-19,1.22599995136261,0.19647749632642292,1.5643142904534957,0.4011911098170344,0.01503814656277654,0.16,0.0,0.16734410403613584,0.10963229091330184,-0.028065477171773292,0.5951038579671183,-0.33189850132204146,-0.16
2012-11-20,1.2245800495147705,0.19627826257624598,1.5637196133388613,0.40064782147116706,0.015053227688803603,0.16,0.0,-0.11588293434438633,-0.1014542818278751,-0.03802242175685798,-0.1355106138664917,0.10023555031862014,-0.16
2012-11-21,1.2240999937057495,0.19639648189532824,1.5686149517345171,0.40029429646328113,0.014972784965197623,0.16,0.0,-0.0392093541579945,0.060212338235858726,0.3125682955976673,-0.08827729817874899,-0.5358215024766096,-0.16
2012-11-22,1.224370002746582,0.19648393622591892,1.5751576728047212,0.4004218972698706,0.01482754910567073,0.16,0.0,0.022055327802129116,0.04451956778774644,0.4162343335672737,0.031871669055351784,-0.974734102594639,-0.16
2012-11-23,1.2245999574661257,0.19632864449208956,1.5766907223957392,0.40065433478758405,0.01486904819416174,0.16,0.0,0.018779709343549337,-0.07906658266168683,0.09727940685534411,0.05803131211109341,0.27948734385664237,-0.16
2012-11-26,1.2222299575805664,0.19614365889517915,1.5847389726149004,0.40119152161141386,0.014806653173090102,0.16,0.0,-0.19372009571672127,-0.09426683565307722,0.5091536666836507,0.13398757377344275,-0.42051314807614437,-0.16
2012-11-27,1.221119999885559,0.19614495724542277,1.5858701145974692,0.40115638496957223,0.01491480687772114,0.16,0.0,-0.09085540677206115,0.0006619362327601649,0.07135171819953087,-0.008758455422119562,0.7277851211092874,-0.16
2012-11-28,1.2230000495910645,0.19654795778998121,1.5823523042479337,0.40177400972675775,0.014900097737672644,0.16,0.0,0.15384269497807748,0.20524978710166064,-0.22206848700184736,0.15384269497807748,-0.09866971859616096,-0.16
2012-11-29,1.222000002861023,0.1962264167557554,1.5829014796123602,0.40159057758895195,0.014875227999552359,0.16,0.0,-0.08180341630718267,-0.16372814872510272,0.03470024253582576,-0.04566597629264173,-0.16704934900204882,-0.16
2012-11-30,1.2202999591827393,0.19583078548044094,1.5831602850539923,0.40182420945977454,0.014854352894992578,0.16,0.0,-0.1392166383556004,-0.20182330912450222,0.01634872983823863,0.058159715547779066,-0.1404332477108535,-0.16
2012-12-03,1.2200000286102295,0.19593357454710006,1.5856099214462347,0.401976933808327,0.014795769982122887,0.16,0.0,-0.024581451093745117,0.05247494642471264,0.1546112037532774,0.038000530770428906,-0.39516186388095975,-0.16
2012-12-04,1.218400001525879,0.19561378104243496,1.5856099214462347,0.40097413755495176,0.014834475223581018,0.17,0.0,-0.13123583449947818,-0.16334860711380847,0.0,-0.249777803530248,0.2612551006877839,-0.16
2012-12-05,1.2175400257110596,0.19557304711615203,1.5948912947589804,0.4007570600142905,0.014881441252982738,0.16,0.0,-0.07060730895927973,-0.020825816974412235,0.5836438365233307,-0.05415220129244261,0.31610042076673445,-0.17
2012-12-06,1.2182999849319458,0.1956919864378365,1.592340786563497,0.40011166499468026,0.01477873779818346,0.16,0.0,0.06239812485412221,0.06079731902835318,-0.16004537321562218,-0.16117377022428128,-0.6925370551521818,-0.16
2012-12-07,1.2203199863433838,0.19592831886198503,1.5819549798358425,0.3998820133943157,0.014804318595480582,0.16,0.0,0.1656676232652711,0.12069468801256208,-0.654371523773301,-0.05741335534933609,0.17294226352086722,-0.16
2012-12-10,1.2206000089645386,0.19609922248516548,1.5753132853571827,0.3993718021716272,0.014784399770582178,0.16,0.0,0.022944022984889123,0.08718960582204684,-0.4207247352967688,-0.12767190648478666,-0.13463799047287947,-0.16
2012-12-11,1.2216999530792236,0.1964210993887855,1.5806702023445496,0.39996723256960814,0.01483545811434531,0.17,0.0,0.09007445491123924,0.16400525416430797,0.33947719643523877,0.1489807158747849,0.3447578616610112,-0.16
2012-12-12,1.2204400300979614,0.19542048283235094,1.588183985633549,0.40085397954483554,0.014789627723530775,0.17,0.0,-0.10318188979523155,-0.5107261591679876,0.47422802848391277,0.22145950287750846,-0.30940283263025664,-0.17
2012-12-13,1.2204999923706057,0.1951613433269522,1.5947993942943413,0.4000065636999265,0.014667708277842731,0.16,0.0,0.00491304760497778,-0.13269411225337246,0.4156740640158224,-0.21162639820997264,-0.827774391086876,-0.17
2012-12-14,1.221119999885559,0.19548553939024754,1.5970704728727867,0.3999213938624277,0.014595001644112777,0.17,0.0,0.05078657041194763,0.16597912440403506,0.14230398206763395,-0.021294377078699685,-0.49692447171339704,-0.16
2012-12-17,1.2201999425888062,0.19538203930722553,1.6064986194767954,0.39946308598062696,0.014498918512573525,0.16,0.0,-0.0753737618985751,-0.052959156032301904,0.5886043692177151,-0.11466520643642988,-0.6605055649967291,-0.17
2012-12-18,1.219599962234497,0.19540799857589852,1.6055819154904327,0.39994750631953074,0.01453583261634138,0.17,0.0,-0.04918275184921852,0.013285532482768009,-0.05707851974889231,0.12119439068309179,0.25427546110710514,-0.16
2012-12-19,1.2174999713897705,0.1952279353187288,1.6108757731265655,0.3985661479479939,0.014432023927038675,0.17,0.0,-0.17233526910335525,-0.09218981373649231,0.32917345283333477,-0.3459827498517677,-0.7167194681673584,-0.17
2012-12-20,1.220020055770874,0.19572618273710776,1.6122903220443165,0.39966588906873507,0.014485076886356205,0.17,0.0,0.20677452910520577,0.2548880623677689,0.08777388237531443,0.27554439450062446,0.3669317971039136,-0.17
2012-12-21,1.2181999683380127,0.1953903040539455,1.6126127074489034,0.3984952566244218,0.014430229741300078,0.17,0.0,-0.14929643370466772,-0.17175382632751185,0.01999349454619103,-0.2933325657386976,-0.379364545852679,-0.17
2012-12-24,1.2211999893188477,0.1958746312783635,1.6097862531053124,0.3987982370946662,0.014467479402172204,0.18,0.0,0.24596397026946237,0.2475700877108142,-0.17542552011943574,0.07600224690544087,0.25780369868172004,-0.17
2012-12-25,1.2207000255584717,0.1957536266127731,1.6089362800584581,0.39851783679298813,0.014388261176919588,0.18,0.0,-0.040948750097557766,-0.0617956784286524,-0.05281431113455009,-0.07033604925855017,-0.5490652652156304,-0.18
2012-12-26,1.2214800119400024,0.1959289712049043,1.6099643363875487,0.39851229324668924,0.014370353081647087,0.17,0.0,0.06387624139703252,0.08953402822677049,0.06387624139703252,-0.0013910506240702159,-0.12454075447565342,-0.18
2012-12-27,1.223729968070984,0.1962489526459469,1.6184763801707194,0.40026491732280584,0.014284563413798744,0.17,0.0,0.184029738498323,0.1631818073314159,0.5273173184553559,0.43882746413932605,-0.5987797883485514,-0.17
2012-12-28,1.2228000164031982,0.19596782285298525,1.6202465223221907,0.3997123421281616,0.014135271861384507,0.17,0.0,-0.07602209811244136,-0.1433543176467089,0.10931113164201706,-0.13814774757598833,-1.0506248485625809,-0.17
2012-12-31,1.2229000329971311,0.19614102458501403,1.6176140182307248,0.4003994693933596,0.014226384900206787,0.09,0.0,0.008178974687684398,0.0883437057976391,-0.16260766259390175,0.17175785289668702,0.6425107886474528,-0.17
2013-01-01,1.2207000255584717,0.19592014397105884,1.611485187058008,0.3996529723250542,0.014076337734956668,0.09,0.0,-0.18006285647060605,-0.11267662040486445,-0.37960051039654363,-0.1866120884115724,-1.0603119208726643,-0.09
2013-01-02,1.2213000059127808,0.1957964658427613,1.611851679868849,0.40301610041336955,0.014102771679352224,0.17,0.0,0.049138440511819655,-0.06314673889679465,0.022739963432338382,0.8379911181924389,0.18761382242872757,-0.09
2013-01-03,1.220960021018982,0.1958801268485357,1.6094911770758813,0.40229324101808106,0.013989802345141652,0.17,0.0,-0.027841826197530995,0.042719431596290096,-0.14655398821462054,-0.17952345818901957,-0.8042690788108122,-0.17
2013-01-04,1.2272299528121948,0.19690813281817834,1.5994134218982623,0.4029385439472353,0.013987120842169005,0.16,0.0,0.5122107000173333,0.5234414682948,-0.6281139248399694,0.16027759443816228,-0.01916939159395579,-0.17
2013-01-07,1.2266099452972412,0.1968718243702543,1.6028669158352216,0.4035432252522275,0.013907457906758033,0.16,0.0,-0.05053365776840434,-0.01844098327715101,0.21568975302565804,0.14995538433628997,-0.5711730060806802,-0.16
2013-01-08,1.229040026664734,0.1972840191359434,1.6131251443936636,0.40399710436874486,0.014085934579643553,0.15,0.0,0.19791763390435793,0.20915326906480522,0.6379532758451527,0.11241027789264144,1.2751515654396763,-0.16
2013-01-09,1.2279800176620483,0.19729122821694442,1.606483571148843,0.40443304032574373,0.014136161430628347,0.14,0.0,-0.08628412054655962,0.0036540969308985513,-0.4125707967885783,0.1078475368869422,0.35594028164993163,-0.15
2013-01-10,1.2282600402832031,0.19730450515813977,1.6034727284322798,0.4068163768731774,0.013936436921479299,0.14,0.0,0.022800916503429178,0.006729389132915394,-0.18759405540343715,0.5875735264182366,-1.4229383156719633,-0.14
2013-01-11,1.2225500345230105,0.1964062054253079,1.6227104233075098,0.4051129952184349,0.01369865321049045,0.14,0.0,-0.4659696930871434,-0.4563255545155299,1.192611949685662,-0.41958924319472934,-1.720924942107689,-0.14
2013-01-14,1.2271300554275513,0.19740839743375352,1.6396932266521842,0.40712983145457715,0.013707427358916117,0.14,0.0,0.3739285190676853,0.5089675012726597,1.0411315441942115,0.4966102044544256,0.06403067161117329,-0.14
2013-01-15,1.2252600193023682,0.196914325721396,1.6391438297385434,0.40703608055129487,0.013696177418305311,0.15,0.0,-0.1525072627641026,-0.25059269572638376,-0.033511693892297294,-0.023029926041892856,-0.0821055575298105,-0.14
2013-01-16,1.2242000102996826,0.197025788223333,1.6292254225236604,0.4059691535148377,0.01379380293295417,0.14,0.0,-0.08655042793480926,0.056588552912425136,-0.6069349511247933,-0.2624651365669063,0.7102655135899048,-0.15
2013-01-17,1.2234899997711182,0.1967183836343693,1.626116508854409,0.4066101609099555,0.013804468438296549,0.14,0.0,-0.05801474415120092,-0.1561443563572912,-0.19100387485927472,0.1577710671939333,0.07729111530112201,-0.14
2013-01-18,1.2234100103378296,0.19674348885644352,1.6360123214157625,0.4062730299213606,0.013620534418192514,0.14,0.0,-0.006538022231116734,0.012761196885150016,0.6067107359305883,-0.08294697484875689,-1.3413801923514015,-0.14
2013-01-21,1.226989984512329,0.19772939479702378,1.6343522893877491,0.40476017634197753,0.013605859192447101,0.14,0.0,0.2921952929413704,0.4998609710644196,-0.10151969998097626,-0.37306865424502755,-0.10780147658535383,-0.14
2013-01-22,1.228600025177002,0.19750189966037224,1.6354512839244533,0.40393215072512845,0.013712054085936787,0.14,0.0,0.13113271263002188,-0.11512001451609724,0.06722083167669077,-0.2047814424592246,0.7774783332786214,-0.14
2013-01-23,1.2269999980926514,0.19718445688334893,1.633625794851497,0.4037910804605205,0.01385986521250642,0.13,0.0,-0.13031660658287827,-0.1608582816253287,-0.11168224050459204,-0.03493034757345753,1.072196251581028,-0.14
2013-01-24,1.226699948310852,0.19716792100579714,1.6325524626545729,0.40373221914390434,0.013848497662604374,0.15,0.0,-0.024456925447195358,-0.008386346064395044,-0.06572404510343541,-0.014578233655732891,-0.08205140513745293,-0.13
2013-01-25,1.2304699420928955,0.19784702185118444,1.645057211886751,0.40462676318817,0.01358764504889711,0.14,0.0,0.30685682377842916,0.3438358607502548,0.7630444834214646,0.22132355277073587,-1.9015827173539543,-0.15
2013-01-28,1.2359800338745115,0.1987265891128099,1.6643729925573318,0.40587809977612044,0.01355553386515989,0.14,0.0,0.44680419242087,0.4435840810154628,1.1673308586297557,0.30877978390217764,-0.23660602775675946,-0.14
2013-01-29,1.2381600141525269,0.19894915384099682,1.664864889511378,0.40358552671202824,0.013687375930617885,0.12,0.0,0.1762212970842399,0.11193277707676864,0.029550123785081747,-0.5664440300971517,0.9679075821292453,-0.14
2013-01-30,1.2343000173568726,0.19825564745820246,1.6652725712821734,0.4006947218968472,0.013595109647650379,0.12,0.0,-0.3122396222792139,-0.34919370824432444,0.02448438105823925,-0.7188582011979116,-0.6763799761569292,-0.12
2013-01-31,1.2358700037002563,0.19870889795224914,1.6768700653476856,0.39802576364203457,0.013577855144943907,0.15,0.0,0.12711566745642167,0.2283582734290229,0.6940182916736206,-0.6683109390530513,-0.12699758864909788,-0.12
2013-02-01,1.237679958343506,0.1990543167036717,1.6846058447524686,0.39878848701611275,0.013496024823172956,0.14,0.0,0.1463447267329479,0.17368063487263885,0.4602616986078844,0.1914432645751337,-0.6044982917328152,-0.15
2013-02-04,1.2403000593185425,0.1990722974942171,1.6928494655203536,0.4013526278814022,0.013369624924000059,0.13,0.0,0.21147078933513716,0.009032699606796937,0.4881566967327762,0.640924355744298,-0.9409847372887312,-0.14
2013-02-05,1.238800048828125,0.19883154080606785,1.6738279156015778,0.4015038590982873,0.013442861876109291,0.13,0.0,-0.12101251325348891,-0.12101251325348891,-1.1300014923130626,0.03767328809727441,0.5462912469988215,-0.13
2013-02-06,1.2368600368499756,0.19860304733848097,1.67983158682452,0.39954130782644,0.013218553391941413,0.13,0.0,-0.1567268775291008,-0.11498420096177102,0.3580373995665553,-0.4899986366801971,-1.6826846924537109,-0.13
2013-02-07,1.2388999462127686,0.19888906920649113,1.675479653513463,0.40108126207086164,0.013259484974415987,0.13,0.0,0.1647905966958735,0.1439132528520805,-0.2594057862133935,0.3846896656230314,0.3091740748553185,-0.13
2013-02-08,1.2394100427627563,0.1988464755666276,1.6594943831258036,0.40036503295863224,0.013236892975160652,0.14,0.0,0.04116487117915076,-0.021418070668369642,-0.9586517096759765,-0.1787341977480022,-0.17052900417672145,-0.13
2013-02-11,1.2375400066375732,0.19791141047033167,1.6543767960804132,0.39972223003003726,0.013373750015253018,0.14,0.0,-0.15099509018643043,-0.4713538711808402,-0.308858783993565,-0.1606832396003377,1.0285978191343268,-0.14
2013-02-12,1.2415200471878052,0.19919138201451458,1.664079722834444,0.4013318531625125,0.013180877390073372,0.13,0.0,0.3210929855153352,0.6446572530789628,0.5847871954997739,0.4018768102175478,-1.4526734944210307,-0.14
2013-02-13,1.2386300563812256,0.1987372709536743,1.6662137924491276,0.401435765877669,0.01327506620577672,0.14,0.0,-0.233049774724135,-0.22823752679481737,0.12816107030779095,0.025888616648762453,0.7120457701061842,-0.13
2013-02-14,1.2355300188064575,0.19823033266674975,1.6611052369940325,0.40021056240976377,0.013248799674800074,0.14,0.0,-0.2505932601638805,-0.25540550809319457,-0.3070676075217746,-0.3056720597724707,-0.1980596620519673,-0.14
2013-02-15,1.235200047492981,0.19818374441786255,1.6493524247145928,0.3997152509659957,0.013287864687550784,0.16,0.0,-0.026710430244008113,-0.023504840920041715,-0.7100445230361322,-0.12383936079756622,0.29442314555338794,-0.14
2013-02-18,1.2377500534057615,0.19885451525577824,1.6516546281053477,0.3997384202328392,0.013206611593794692,0.16,0.0,0.20623196688463774,0.3378875761939923,0.13948493457794056,0.005796275052483614,-0.6133606690633022,-0.16
2013-02-19,1.2389099597930908,0.19845420532579147,1.653599693045038,0.39969993842622664,0.013229150449621026,0.15,0.0,0.09366699231638645,-0.20151083764839922,0.1176953405232476,-0.009627210459801519,0.17051796161996735,-0.16
2013-02-20,1.2370400428771973,0.1981324572391225,1.6571199248864446,0.39990948218088435,0.013201007816408634,0.15,0.0,-0.151046448385085,-0.162258687762855,0.21265667735586757,0.052411528442312526,-0.21295857228710496,-0.15
2013-02-21,1.2401800155639648,0.19872451193854135,1.6461109821312903,0.3989898102768587,0.013241297961487118,0.16,0.0,0.253507907598844,0.29837205070658046,-0.6665585195615489,-0.2302348541195305,0.3047402643096485,-0.15
2013-02-22,1.240149974822998,0.19877384290939917,1.636297578225765,0.4002807893900272,0.013313472404812145,0.16,0.0,-0.002422318085470973,0.024820717122181746,-0.5979409914127217,0.3230395904389611,0.543590624609965,-0.16
2013-02-25,1.239199995994568,0.19915465109533537,1.6352383999421252,0.40025840231056575,0.013152196772868186,0.15,0.0,-0.07663128530459955,0.19139534259151356,-0.06475113388419998,-0.005593000242685796,-1.2187685652345444,-0.16
2013-02-26,1.239400029182434,0.1988480483904518,1.6192840645113904,0.39993547542311414,0.013413855283279359,0.14,0.0,0.01614082032342968,-0.15407069647027008,-0.9804488006846261,-0.08071216588084709,1.9699349493017444,-0.15
2013-02-27,1.2383999824523926,0.19882796892477794,1.6180831992709273,0.4000775164601166,0.013444793988126605,0.14,0.0,-0.08072054077380104,-0.010098404136360825,-0.07418777035127859,0.03550968295167351,0.2303817903777736,-0.14
2013-02-28,1.236299991607666,0.19856412755849454,1.6258548205157695,0.3998512071949834,0.013393930563526116,0.14,0.0,-0.1697168441268174,-0.13278643807257343,0.4791482491981346,-0.05658235902243064,-0.3790305712654105,-0.14
2013-03-01,1.2378000020980835,0.1989264535566952,1.6165600080234412,0.40028458650031,0.013369769418523816,0.14,0.0,0.12125707756563847,0.18230675933783994,-0.5733281177313062,0.10832644936545979,-0.18055165453252786,-0.14
2013-03-04,1.2425999641418457,0.1997620720201663,1.61748422122605,0.40003862347234076,0.013280748198268685,0.16,0.0,0.3870317771962799,0.4191842169792465,0.057155262096263745,-0.061465925927977116,-0.6680662089113917,-0.14
2013-03-05,1.2445000410079956,0.20000001149466862,1.622343992882037,0.4014127702011159,0.01332426877652289,0.15,0.0,0.15279459867945594,0.1190405555765953,0.3000020358920333,0.3429148882087128,0.3271609795530191,-0.16
2013-03-06,1.2448400259017944,0.2000642927805633,1.6243328988359451,0.4013153181876038,0.013343909853841839,0.15,0.0,0.027315263224344084,0.03213547710252242,0.12251950342074172,-0.02428020531496524,0.14729975483133909,-0.15
2013-03-07,1.2480700016021729,0.20069628945435128,1.6198182310179732,0.40266818048429087,0.013287659306160245,0.16,0.0,0.25913309924399575,0.3153988818810416,-0.2783267826743337,0.3365401344156531,-0.4224357265152431,-0.15
2013-03-08,1.2448999881744385,0.20016400334063558,1.632227560655565,0.40128292453982245,0.01311414935282196,0.15,0.0,-0.25431634951780135,-0.26557203900084114,0.7631743623997934,-0.34461232946279136,-1.3143982186897012,-0.16
2013-03-11,1.2482999563217163,0.19901472733829925,1.6212950977824647,0.40156340346022174,0.012980139129552466,0.16,0.0,0.2727394778256817,-0.5758218509953789,-0.6720410562248431,0.06987113773285088,-1.0271320601935898,-0.15
2013-03-12,1.2487599849700928,0.20071040817372915,1.6274728921942199,0.40282581399566325,0.012924579455096737,0.15,0.0,0.03684562360509458,0.8484285107273355,0.3803165924529857,0.313880779229041,-0.42895474402978695,-0.16
2013-03-13,1.246500015258789,0.20059542486503876,1.6241043420166077,0.40138464728675355,0.013008766637745247,0.14,0.0,-0.181141069792255,-0.05730458038262226,-0.20719491742418583,-0.35840574600740355,0.6492604392956617,-0.15
2013-03-14,1.2482999563217163,0.20091095373953619,1.617597344160572,0.40148589862839534,0.013000416579496474,0.15,0.0,0.1442954461871621,0.15717256624856457,-0.4014562242456032,0.02522233321268263,-0.0642085410057228,-0.14
2013-03-15,1.2489999532699585,0.20100097126246394,1.6252440427440857,0.4006029746422746,0.013015568448817218,0.16,0.0,0.05606030448214765,0.04479465217784223,0.4716057212684517,-0.22015623758476333,0.11648124041745882,-0.15
2013-03-18,1.251099944114685,0.19898210148566156,1.6130113466367817,0.39961030427002125,0.013184878594140798,0.16,0.0,0.1679925942797472,-1.0094861802627884,-0.7555151044932644,-0.24810157681865405,1.2924397956838034,-0.16
2013-03-19,1.2490999698638916,0.2010041257389698,1.616957966894006,0.40051943401522966,0.01310111848251048,0.15,0.0,-0.15998518088043218,1.0110555516610351,0.2443752146354952,0.22724568102921117,-0.6373004979061495,-0.16
2013-03-20,1.2511999607086182,0.20135826226780587,1.6095295595176538,0.4011284830174534,0.013163597270242057,0.15,0.0,0.16797915424817436,0.1760286899750293,-0.46046485168685475,0.15194928009346073,0.4757630440058866,-0.15
2013-03-21,1.250849962234497,0.20146080099642064,1.6188041728328528,0.40104199392846707,0.013035797387996867,0.16,0.0,-0.02797693788558173,0.050910565154790206,0.574577450787962,-0.021563767754399336,-0.975601899019167,-0.15
2013-03-22,1.248900055885315,0.20101724208858185,1.6116918810941314,0.40171765823557526,0.013158782085095518,0.15,0.0,-0.15600813925634524,-0.2204140548960267,-0.4403226694182137,0.16833543261379386,0.9390156532603835,-0.16
2013-03-25,1.246500015258789,0.2019539182582998,1.623448595012178,0.40272033806262564,0.013144851486359323,0.15,0.0,-0.19235724117488504,0.46488580267408564,0.7268163939123832,0.249287167170017,-0.10592148800118698,-0.15
2013-03-26,1.24399995803833,0.20031237851701286,1.5995885080556036,0.40222452065167646,0.013239253663429717,0.14,0.0,-0.20076756370411933,-0.8161503294549443,-1.4806235289966563,-0.12319290403258751,0.7156019079248872,-0.15
2013-03-27,1.2407000064849854,0.1997231211176048,1.5955504302094994,0.40053590302422765,0.013110371199642952,0.12,0.0,-0.2656218892176232,-0.2946027670696873,-0.25276396889481423,-0.4207033800457705,-0.9782567476977182,-0.14
2013-03-28,1.2422000169754028,0.19988092306929756,1.5872732154318783,0.4014478247955165,0.013170617838494112,0.13,0.0,0.12082731150959714,0.07897916059209135,-0.5201188855562919,0.22741662522092962,0.4584815609367396,-0.12
2013-03-29,1.2404999732971191,0.19967484260022456,1.5898138208298178,0.40098912573612777,0.013170187293166385,0.09,0.0,-0.13695121848441685,-0.10315480593889793,0.15993303995039543,-0.1143265172539499,-0.0032690369608126876,-0.13
2013-04-01,1.2410600185394287,0.1996525112903722,1.589268851758817,0.40994252878994497,0.013163276649514109,0.16,0.0,0.0451365474669266,-0.011184462901458558,-0.03428467469801907,2.208266711618838,-0.05248564204056971,-0.09
2013-04-02,1.2388999462127686,0.1999644811886911,1.5920072135925807,0.40160134378153256,0.013295771004026843,0.15,0.0,-0.1742022374244093,0.15613448255049614,0.17215497516250672,-2.0557061748568994,1.00151346117996,-0.16
2013-04-03,1.2387499809265137,0.19984028759003342,1.588141054197763,0.4025705909512515,0.013268246046626565,0.14,0.0,-0.012105445954684423,-0.062127124212005516,-0.24314346212487445,0.2410548284996121,-0.2072349765368139,-0.15
2013-04-04,1.238510012626648,0.1997371347320516,1.5915061423932286,0.4025057041859934,0.013333225822653312,0.14,0.0,-0.019373687157652125,-0.05163097538087727,0.2116643290125524,-0.016119407760602143,0.48854368350772964,-0.14
2013-04-05,1.2402600049972534,0.19995164209321895,1.6034388249153155,0.40391454170073365,0.012860831947541928,0.15,0.0,0.14119846931419922,0.10733720544578822,0.7469761218709754,0.3494056492837079,-3.6072692740429337,-0.14
2013-04-08,1.239590048789978,0.20099070471374808,1.6104846250438243,0.4053464748767035,0.012552683574701755,0.15,0.0,-0.0540319945999497,0.5183114006170582,0.4384554595507657,0.3538869761547801,-2.425193599908359,-0.15
2013-04-09,1.2414000034332275,0.2001451076429637,1.6174593751102007,0.40924374609074177,0.012504029197189112,0.15,0.0,0.1459058622763477,-0.42160200972553863,0.432148817987308,0.9568739840254104,-0.388354522843416,-0.15
2013-04-10,1.2390799522399902,0.19971952835694207,1.620750511797894,0.40938313811057986,0.01252228388534581,0.15,0.0,-0.18706475450298113,-0.21286175790440032,0.20326896253388022,0.034055080250932346,0.14588398486013168,-0.15
2013-04-11,1.2381099462509155,0.19987569086503948,1.6163947845579116,0.4083610855323429,0.012422590870523819,0.15,0.0,-0.07831503262975553,0.07816035254450258,-0.26910932132459453,-0.24996889757787727,-0.7993108530512754,-0.15
2013-04-12,1.2364399433135986,0.19959320127557867,1.6215605644806885,0.4067504350052883,0.012411438512385657,0.15,0.0,-0.13497429960047277,-0.14143260819941614,0.31907693273458304,-0.39519810056764404,-0.08981513805835657,-0.15
2013-04-15,1.23717999458313,0.19959344411812519,1.6206182644864102,0.40719480609569364,0.012572201053148907,0.15,0.0,0.05983548889412358,0.00012166867270567715,-0.058127578429141236,0.109189442266108,1.286960286277634,-0.15
2013-04-16,1.2383699417114258,0.20018913153506265,1.6166499235140463,0.4077340814855867,0.012793077506922022,0.15,0.0,0.0961359900276375,0.2980059132443135,-0.24516615427560268,0.1323490863628944,1.7416093913442208,-0.15
2013-04-17,1.23389995098114,0.19959236943284056,1.6261200483312306,0.40751014198263874,0.01264112225453961,0.15,0.0,-0.36161064893288736,-0.2985443518601755,0.5840779223893346,-0.05493801786849137,-1.194903412020944,-0.15
2013-04-18,1.2354999780654907,0.2001717276566315,1.6104644229599785,0.4152103697819595,0.012603413138227004,0.15,0.0,0.12958834973974714,0.28985025600013054,-0.9674239997108427,1.8719486257712308,-0.29875094766236576,-0.15
2013-04-19,1.235859990119934,0.19896641397178774,1.6131836583585368,0.40756521188062506,0.012584747444075606,0.15,0.0,0.029134732424614757,-0.6039599942781367,0.16870551467846479,-1.858435789734873,-0.1482100886819236,-0.15
2013-04-22,1.2373000383377075,0.19984818490795553,1.6153796064699577,0.40624487263467984,0.012398169029735045,0.15,0.0,0.11645412055408348,0.44219663747226917,0.13603254884139612,-0.32448366751689667,-1.4936757558431908,-0.15
2013-04-23,1.2405099868774414,0.20059020386190066,1.620310849998873,0.4062051755076612,0.012510184964338198,0.14,0.0,0.25909575817218167,0.37060373033123695,0.30480340521266663,-0.009772201291882372,0.899430687231036,-0.15
2013-04-24,1.2415000200271606,0.20090947771924078,1.6132595546014983,0.40763726212548257,0.012455230351039246,0.13,0.0,0.07977672930186669,0.15904068634886223,-0.43613131566648056,0.3519325190502907,-0.4402466481269532,-0.14
2013-04-25,1.2419899702072144,0.20095624738933116,1.61675341635204,0.40937076403099104,0.012492355593254883,0.13,0.0,0.039456586363279325,0.023276267359644463,0.2163374045009289,0.42435433958275903,0.2976261487067798,-0.13
2013-04-26,1.2386000156402588,0.20067724148459282,1.611082118827767,0.4085631403429465,0.012468039498638925,0.13,0.0,-0.2733185811946978,-0.13893560041581907,-0.3513997722815258,-0.1974790251852166,-0.1948374792847551,-0.13
2013-04-29,1.2361500263214111,0.2007453939156609,1.6122575158214545,0.40799724454910025,0.012634144744367881,0.13,0.0,-0.1979989960771152,0.03395545029738602,0.07293038767309944,-0.13860478536872178,1.3234519242861118,-0.13
2013-04-30,1.2336000204086304,0.2000908281475915,1.6155055227519457,0.40593637882107975,0.012605248512344442,0.14,0.0,-0.20649918175319962,-0.3266003988075414,0.20125442840559374,-0.5063975913736151,-0.22897733202162104,-0.13
2013-05-01,1.231289982795715,0.1997161383523796,1.621398461845544,0.40513620539644024,0.012658606733247356,0.14,0.0,-0.18743540573532594,-0.18743540573532594,0.36411000339593225,-0.19731247235185836,0.4224082169790918,-0.14
2013-05-02,1.2335200309753418,0.2001135602811313,1.6260480051953436,0.4047114559428603,0.01269941917100912,0.15,0.0,0.18095096787656897,0.1987956677521858,0.28635092673917956,-0.10489614597989816,0.3218899858771883,-0.14
2013-05-03,1.2346999645233154,0.20059461327090367,1.6131433999757405,0.40727667408126744,0.012605925461938011,0.14,0.0,0.09561008662191689,0.240101526559309,-0.7967836337914999,0.631838466006924,-0.7389279682577475,-0.15
2013-05-06,1.2324600219726562,0.20029577976031981,1.6174016159784512,0.41435583780034174,0.01243652917204131,0.14,0.0,-0.1815806983229825,-0.14908492252658861,0.2636222957910363,1.7232372863527818,-1.3528935251049101,-0.14
2013-05-07,1.231029987335205,0.1996286352201287,1.6089791369619775,0.4131943671980596,0.01239158847441065,0.12,0.0,-0.11609828273502071,-0.33363562415710873,-0.5221019336407877,-0.28070112433039596,-0.36201493283854386,-0.14
2013-05-08,1.2325999736785889,0.20030876048299764,1.6118739711116916,0.41647519443004705,0.012478739384995545,0.12,0.0,0.1274531143683211,0.3401161910895183,0.1797557871821895,0.7908797634065067,0.7008453431215333,-0.12
2013-05-09,1.2266000509262085,0.20024487967364427,1.614372195297861,0.41291324865270546,0.01240518691083281,0.12,0.0,-0.4879582463690896,-0.03189625732522894,0.15486882008565012,-0.8589383433811536,-0.5911662612725178,-0.12
2013-05-10,1.2335000038146973,0.20121364284902557,1.6077945372712747,0.41319129646418856,0.012241353756624091,0.12,0.0,0.5609504351921402,0.4826227375622407,-0.4082760272443556,0.06731540786843274,-1.3294812409238552,-0.12
2013-05-13,1.239799976348877,0.2021951446550682,1.6074368390761151,0.4142055158231092,0.012164084835295033,0.12,0.0,0.509439712926435,0.48660503843636704,-0.022250230528770686,0.24515923963920852,-0.6332127916331586,-0.12
2013-05-14,1.2401800155639648,0.20209562494177072,1.6107488984670226,0.41556815933069274,0.012198451983412201,0.11,0.0,0.030648571303163993,-0.04923175238792615,0.2058340214262453,0.32843768687856156,0.2821312999481826,-0.12
2013-05-15,1.2432700395584106,0.2027246965224819,1.608432356718197,0.4144233465194702,0.012163878785781962,0.12,0.0,0.24884942482978795,0.31079076504393643,-0.1439212001470621,-0.275861506810922,-0.28382523139503374,-0.11
2013-05-16,1.2456300258636477,0.20300689738780528,1.6046763092157337,0.41406442128038146,0.012181247300543508,0.11,0.0,0.18964096190971041,0.13910719059879792,-0.23379534300682508,-0.08664588072246981,0.14268578972814389,-0.12
2013-05-17,1.2508000135421753,0.20374654275580345,1.6114404461329028,0.4143093711214534,0.01224653632330495,0.1,0.0,0.4141910638815095,0.36368281629348476,0.4206406300116212,0.059139931866033536,0.5345485225505797,-0.11
2013-05-20,1.256669998168945,0.20495979707375828,1.613017981613211,0.41740126994499666,0.012236200642957827,0.1,0.0,0.4682006422756559,0.5937064163305711,0.09784809706945605,0.7435069155729759,-0.08443239802295384,-0.1
2013-05-21,1.2539000511169434,0.204588105640331,1.6164129336320912,0.41577692533793886,0.01227316373962352,0.09,0.0,-0.22066288703987305,-0.1815130943242764,0.21025086825551464,-0.389915788536308,0.30162450655250955,-0.1
2013-05-22,1.2582999467849731,0.2054166082192915,1.625605550026066,0.4168764796008116,0.01228304728813986,0.08,0.0,0.3502826343858488,0.40414350305177305,0.5670936841443895,0.2641086664626075,0.0804973457742499,-0.09
2013-05-23,1.2684099674224854,0.2072192870586826,1.6289024538804995,0.4184238246181775,0.012293652948925517,0.08,0.0,0.8002560590939973,0.8737438155390936,0.20260543088315436,0.37048874027208734,0.08630663467175821,-0.08
2013-05-24,1.2649400234222412,0.20655454089668898,1.634944353541357,0.41727915745449745,0.012351723251526996,0.09,0.0,-0.27394131744660555,-0.3213092220836892,0.37023223936692723,-0.2739413174465944,0.47124790950872336,-0.08
2013-05-27,1.264430046081543,0.20655221100355306,1.6358920051172845,0.4181592993814584,0.012511553254966097,0.09,0.0,-0.040324454990385866,-0.0011279859867865262,0.05794552209466364,0.21070187645232008,1.2856889963358173,-0.09
2013-05-28,1.260800004005432,0.206309731927343,1.6307103704760095,0.41495524982672194,0.012470203868688844,0.09,0.0,-0.2875020892771758,-0.11746256018108443,-0.31724944706860947,-0.7691776250082579,-0.33103695495348123,-0.09
2013-05-29,1.2695000171661377,0.2077231549604174,1.6308468123063733,0.41263082178850974,0.012391894537169972,0.08,0.0,0.6876692386188618,0.6827614755002296,0.008366667993053604,-0.5617383448585379,-0.6299515769638,-0.09
2013-05-30,1.265589952468872,0.20690730570291518,1.6386648032002427,0.41213687810023536,0.01254102370165496,0.08,0.0,-0.30847566316704245,-0.3935312948773652,0.47823691815373803,-0.11977766524921152,1.1962574252809575,-0.08
2013-05-31,1.2591999769210815,0.20572137189246442,1.64249185241097,0.40663952537410836,0.012454995014103815,0.09,0.0,-0.5061798700130464,-0.5748204816082435,0.2332745033464473,-1.34284166239411,-0.6883418372299237,-0.08
2013-06-03,1.2615400552749634,0.2059724420394286,1.6395561133766277,0.40746100507585675,0.012555635986010196,0.1,0.0,0.18566603427702608,0.12196937121389255,-0.17889682587873115,0.20181290880811847,0.8047898919774343,-0.09
2013-06-04,1.2524499893188477,0.204591866341957,1.6373178320964146,0.40514007458273854,0.012557400412564689,0.11,0.0,-0.7231616203368149,-0.6725284555140147,-0.1366107861063549,-0.5712364559744861,0.014051877514068674,-0.1
2013-06-05,1.2542999982833862,0.20499452378005842,1.63980077892235,0.40724026927056917,0.012511720681131034,0.09,0.0,0.14760221877440183,0.19661667356570306,0.15153234263172585,0.5170482970407699,-0.3644306620790376,-0.11
2013-06-06,1.249500036239624,0.2042400843588174,1.6360065251035678,0.4057477033581987,0.012627334387471484,0.1,0.0,-0.383414638373879,-0.36870795427636743,-0.23165315681930354,-0.36718073072169427,0.9198000571731797,-0.09
2013-06-07,1.2417099475860596,0.20268843773061263,1.64471420471898,0.4016528966410937,0.01275812367791566,0.09,0.0,-0.6254080623962601,-0.7626175429321302,0.530840676817665,-1.0143271692454154,1.0304359871754452,-0.1
2013-06-10,1.2519999742507937,0.2043681129502047,1.6556465242339728,0.4005630708885632,0.012744559004402758,0.09,0.0,0.8252832439240289,0.8252832439240289,0.6624948239118723,-0.27170399670272016,-0.10637841485983579,-0.09
2013-06-11,1.2582099437713623,0.20538178689469208,1.6638585966491348,0.4001303663229987,0.012728605814946448,0.09,0.0,0.49477791833941975,0.49477791833941975,0.49477791833941975,-0.10808246641674836,-0.12525488415096092,-0.09
2013-06-12,1.2529300451278689,0.20451993150768635,1.6568764512679908,0.4005146771509975,0.013037502646614506,0.08,0.0,-0.42051868453886304,-0.42051868453885194,-0.42051868453886304,0.0960003089125556,2.397813639827855,-0.09
2013-06-13,1.255210041999817,0.2049824558807841,1.6743948211561843,0.40112809962440615,0.01308478177421815,0.09,0.0,0.18180782737584572,0.22589590880379792,1.0517625222375477,0.15304138224866362,0.3619834962948502,-0.08
2013-06-14,1.2490700483322144,0.20394977793951602,1.6697457959864863,0.4012947416855104,0.013080088856070224,0.1,0.0,-0.4903609619796168,-0.5050617442465488,-0.27804023197228517,0.04153472581309618,-0.0358719006454237,-0.09
2013-06-17,1.2497999668121338,0.2041889888696448,1.6683128593413699,0.3993736693521199,0.013261603209944685,0.11,0.0,0.0584198854886559,0.11722040490779262,-0.08585449694524767,-0.47986806856312425,1.3781743893041363,-0.1
2013-06-18,1.254889965057373,0.20521504693824527,1.676920549689669,0.39815026271204584,0.013254013107441585,0.12,0.0,0.40643795364494717,0.5012457753920618,0.5146253365861183,-0.3068014765497717,-0.05725005686880198,-0.11
2013-06-19,1.2622599601745603,0.20630218389617674,1.6901570414339624,0.40092108143769334,0.013215029604770244,0.1,0.0,0.5855842040717013,0.5283567275063673,0.7862343276665745,0.6935125008190258,-0.29455943142312613,-0.12
2013-06-20,1.2680200338363647,0.2072978208957248,1.6854347316880478,0.39685154205007744,0.013127860874956281,0.1,0.0,0.45529219102463103,0.4814501504850386,-0.279791701364428,-1.0202342288647965,-0.6618032143032294,-0.1
2013-06-21,1.273010015487671,0.20806937528033143,1.684900886289654,0.4013019449355442,0.013104765554038434,0.1,0.0,0.3927531724426262,0.37150515452372795,-0.031679064839175666,1.1151862593962343,-0.17608093453788837,-0.1
2013-06-24,1.27400004863739,0.2080543496535233,1.6696153684492423,0.39594729183074795,0.012944129864666473,0.1,0.0,0.07774081567444949,-0.007221711195176087,-0.9113459273741794,-1.3433022890384738,-1.2333553731443454,-0.1
2013-06-25,1.2748700380325315,0.20779939387095073,1.6742003636686318,0.4007260997444572,0.013071434325180972,0.09,0.0,0.06826471333132769,-0.12261802063194963,0.2742374855677507,1.1997049936927695,0.97868703300587,-0.1
2013-06-26,1.2701900005340576,0.20702980579959504,1.6613780456161182,0.3968351735640807,0.012941709471092301,0.09,0.0,-0.3677746459938295,-0.37103895042874446,-0.7688250515414169,-0.9757136358327466,-0.9973875553248934,-0.09
2013-06-27,1.2731399536132812,0.20530203867367758,1.6567850431565603,0.4013935287521856,0.013021785796528091,0.09,0.0,0.23197575267722273,-0.8380518076714564,-0.27684024383948364,1.142130000188037,0.6168397476001919,-0.09
2013-06-28,1.2667399644851685,0.2033363924473307,1.651314608632717,0.4013242866609547,0.012863438717853247,0.07,0.0,-0.503961043819846,-0.962054098419159,-0.33073003150263297,-0.017251913455289494,-1.2234705849567489,-0.09
2013-07-01,1.2690099477767944,0.20709738034501202,1.651496587835581,0.40142029237556026,0.012769269298134838,0.1,0.0,0.17903846802983195,1.8327405885155161,0.01101965521023602,0.02391936802077517,-0.734763126276311,-0.07
2013-07-02,1.2636100053787231,0.20638116535735762,1.6512381151844409,0.3991187774894899,0.012679591346186972,0.1,0.0,-0.4264319701219727,-0.34643427641564317,-0.015652038380889213,-0.5749928551145652,-0.70477279432204,-0.1
2013-07-03,1.2712199687957764,0.20761390473630198,1.6499064983420055,0.39939048917419784,0.012619697092600352,0.1,0.0,0.6004336667528779,0.5955351217326863,-0.08067607272968853,0.06805473813223828,-0.4734865617165206,-0.1
2013-07-04,1.2729599475860596,0.20797280482583383,1.6562275698971123,0.40011314297516115,0.012735202801861445,0.1,0.0,0.13678113331198485,0.1727197576327197,0.3823849321757429,0.18077566347567442,0.91111784141056,-0.1
2013-07-05,1.273800015449524,0.20828019808881532,1.6441856478314492,0.3997865965832855,0.012710037915928367,0.1,0.0,0.065971501525506,0.14769542403676425,-0.7297253226877327,-0.08164683493861351,-0.1977964713846008,-0.1
2013-07-08,1.2809799909591677,0.20922156837258005,1.643377598131224,0.399469846374037,0.012634683002673067,0.1,0.0,0.5620831848654249,0.45095468076830686,-0.049157972397321885,-0.0792612255108815,-0.5946416655538251,-0.1
2013-07-09,1.2789700031280518,0.20885235388422804,1.6461631514171984,0.4017243990035201,0.012681904040447214,0.1,0.0,-0.15703339899625637,-0.17662645990698697,0.1693582274154983,0.5627994942401588,0.373044695600488,-0.1
2013-07-10,1.277780055999756,0.20880464458626405,1.6332379426908121,0.40213376936733586,0.012632151864420897,0.09,0.0,-0.09308279547823965,-0.022846162447285955,-0.7882704971580233,0.10185139998876432,-0.3930799574285032,-0.1
2013-07-11,1.2613999843597412,0.20597311302218324,1.6635016343089148,0.398458477043221,0.012799463753080467,0.09,0.0,-1.2902038139439664,-1.3653458986769107,1.836028661913341,-0.9181498220742702,1.3157976677069942,-0.09
2013-07-12,1.259369969367981,0.2056047168360843,1.649490994886193,0.3969895437188773,0.012715770978658572,0.09,0.0,-0.16106312498705863,-0.1790165833805328,-0.8458046555386933,-0.36933525655842625,-0.6560243357141244,-0.09
2013-07-15,1.2615100145339966,0.20587678543510934,1.647525154112202,0.3957678476969401,0.012717219597231154,0.09,0.0,0.16978560611983468,0.1322385755717532,-0.11924970446678376,-0.3082145943522151,0.01139164951778956,-0.09
2013-07-16,1.2621699571609497,0.2059811210590958,1.648236272251694,0.3961488825658481,0.012628519079822311,0.09,0.0,0.05230002610454861,0.05066583623780156,0.04315349678157788,0.09623105151121342,-0.699927357867549,-0.09
2013-07-17,1.258769989013672,0.2055134675940689,1.6554268124305056,0.3947843868989643,0.012694331812481249,0.09,0.0,-0.2697382945528061,-0.22729517192164997,0.4353077991991836,-0.34503467567829077,0.5197904542209435,-0.09
2013-07-18,1.2603000402450562,0.20575319650139326,1.6531343438064567,0.394917454858254,0.01264599632685164,0.09,0.0,0.12147748190942406,0.1165807761263905,-0.13857800310542998,0.03370081048641302,-0.3814910681887945,-0.09
2013-07-19,1.266409993171692,0.20654836638962573,1.6603428968444263,0.39678227917316555,0.012598336216815604,0.09,0.0,0.48363007666424646,0.38572294926520806,0.4351057144465266,0.47109470512385143,-0.37759102229970115,-0.09
2013-07-22,1.2630800008773804,0.2061195475451279,1.6622097987515616,0.39751997113825166,0.012581856594301328,0.09,0.0,-0.2632937252861685,-0.20782764269527587,0.11237757679999577,0.18574596179047564,-0.13089355582611525,-0.09
2013-07-23,1.2596999406814575,0.2054673799870876,1.6615882281718515,0.39670590579650566,0.012682735012879654,0.09,0.0,-0.2679633021308013,-0.31690418728841246,-0.03740122485909393,-0.20499599684893413,0.7985797376490682,-0.09
2013-07-24,1.263319969177246,0.20617553699433522,1.6705278501293606,0.39672149754775676,0.012697065723118552,0.09,0.0,0.2869601595905581,0.34406407914793036,0.5365745487841426,0.003930227563960924,0.11293005733958303,-0.09
2013-07-25,1.2696000337600708,0.20724780424114198,1.674713238616647,0.3974828816485092,0.012638872195569875,0.09,0.0,0.49587649385652594,0.5187271952101921,0.2502295386279462,0.19173511351704406,-0.4593761641811316,-0.09
2013-07-26,1.2648299932479858,0.20651296862055427,1.678963037380555,0.3946919913426516,0.012740669592619158,0.09,0.0,-0.3764196362532379,-0.3551986758434028,0.25344133953047515,-0.7046176161313044,0.8022047349344145,-0.09
2013-07-29,1.2629200220108032,0.20630218096320066,1.6780983730339327,0.3919555613994988,0.012892201243507206,0.08,0.0,-0.151120291891359,-0.10212206402075588,-0.05151316940825153,-0.6957222383036284,1.1823366730588079,-0.09
2013-07-30,1.2674800157546997,0.20702001267463943,1.681141727935369,0.39216583280410855,0.012927797244304042,0.09,0.0,0.36041721562232165,0.3473476354332243,0.18119310573801345,0.0536323613165953,0.27572444177236455,-0.08
2013-07-31,1.2700599431991575,0.20746851080783926,1.6847200538557414,0.39164327744721467,0.012957679952515545,0.09,0.0,0.20334090301129293,0.21641048320038633,0.21262473033464074,-0.13333742297194742,0.23088406876989614,-0.09
2013-08-01,1.2708200216293335,0.20768766584662424,1.690369748683068,0.3922768378583629,0.012989686703370546,0.08,0.0,0.059827970102414245,0.10557716419295018,0.3347881351208133,0.16163905906258735,0.24670532091496813,-0.09
2013-08-02,1.2757099866867063,0.2084323124580123,1.6854628805993597,0.39192317721494874,0.012831522934841343,0.09,0.0,0.3840497501893554,0.3579003388813177,-0.2907058541233654,-0.09019654695048182,-1.2250839436441114,-0.08
2013-08-05,1.270740032196045,0.2076542199405588,1.687412876725034,0.3935885592165846,0.012844191272592445,0.08,0.0,-0.390344264709653,-0.37400558002467876,0.11562811578219319,0.4240253632526157,0.09867954345303134,-0.09
2013-08-06,1.2681399583816528,0.2073920211050766,1.681236692532792,0.39099091092595706,0.012909641758569497,0.09,0.0,-0.20482060853730621,-0.1263468232849253,-0.3666864709802704,-0.6621783723093717,0.5082787234486108,-0.08
2013-08-07,1.2666200399398804,0.20724512458450248,1.685635233849979,0.38953746752045487,0.013016607652179013,0.09,0.0,-0.11992603835821367,-0.07085545916326473,0.2612837028395984,-0.37242594262779566,0.825159851287924,-0.09
2013-08-08,1.26665997505188,0.20733647202476507,1.6898488178992184,0.38953778161394365,0.013116495589258743,0.09,0.0,0.0031528383571168134,0.04406729217502178,0.24965819261588687,8.063238798813309e-05,0.7644589516107134,-0.09
2013-08-09,1.2595700025558472,0.20610170767684088,1.6853140473469352,0.38736929267566783,0.013020157436116439,0.08,0.0,-0.5613100291042196,-0.5973168806277623,-0.2687143383613788,-0.5582378231350665,-0.7371914785019539,-0.09
2013-08-12,1.2577400207519531,0.2057854433242211,1.6777472110547933,0.3875215758310437,0.013095456640049364,0.08,0.0,-0.145391875399821,-0.15356847816480987,-0.4499976943410837,0.03930441395696045,0.5766620105448224,-0.08
2013-08-13,1.2635999917984009,0.20673069196816893,1.6796937360459196,0.3880835305631965,0.013000000323778325,0.08,0.0,0.4648307303675406,0.45828524872716364,0.11595290817550964,0.14490746021485987,-0.7315966312826004,-0.08
2013-08-14,1.266690015792847,0.20725317838115673,1.6803391252401527,0.3871301916245567,0.012905260332014267,0.09,0.0,0.2442427959871566,0.2524188635497467,0.03841564822809593,-0.2459552487134119,-0.7314376443131513,-0.08
2013-08-15,1.268929958343506,0.2076944389811407,1.6831318935497286,0.3875542034181923,0.012967716876343195,0.08,0.0,0.17667814232219634,0.21268263648397176,0.1660646954165495,0.10946698776691667,0.4827945786281904,-0.09
2013-08-16,1.2683000564575195,0.20783286593784747,1.693686364834889,0.3873618199678293,0.013067848667966911,0.09,0.0,-0.049652723265400454,0.06662713144908375,0.6251154102607615,-0.04965272326538934,0.7691961609583043,-0.08
2013-08-19,1.270230054855347,0.2080638903991553,1.6930981799018812,0.3868878060937761,0.013005724115993798,0.09,0.0,0.15205640154444885,0.1110970362473938,-0.03473412206485697,-0.12244473030935353,-0.4765336154764696,-0.09
2013-08-20,1.2777099609375,0.20901863385045494,1.703681416780455,0.3888462569902447,0.013094107643741632,0.09,0.0,0.5871352954578613,0.4578207253511277,0.6231355802006424,0.5049294985538919,0.6772753664364707,-0.09
2013-08-21,1.2752799987792969,0.2085631048488035,1.7115554456063362,0.3877527556705696,0.013105333786607137,0.08,0.0,-0.19036211895446228,-0.21817485782044463,0.4611125432836644,-0.2816130395541825,0.08569757933500977,-0.09
2013-08-22,1.284489989280701,0.210110575615474,1.7138873894596431,0.38835677512459765,0.013132502007386497,0.09,0.0,0.719598267586677,0.739228609669615,0.13615432081840018,0.1556531783240181,0.20709200791092486,-0.08
2013-08-23,1.2812600135803225,0.20966110394380236,1.7111300820089357,0.3884489578656015,0.012957858008800437,0.08,0.0,-0.25177647105514633,-0.21415062775005247,-0.16100986750293028,0.023733795342040658,-1.338782653672229,-0.09
2013-08-26,1.278589963912964,0.20922761432543346,1.7115873360482683,0.38727546029083243,0.012953649158544392,0.08,0.0,-0.2086099309826569,-0.20697132876025034,0.026718772612692877,-0.30255550617816096,-0.03248634103665436,-0.08
2013-08-27,1.2811299562454224,0.20963640307534695,1.7140467313409573,0.3849896309373138,0.013038428566303899,0.07,0.0,0.19845867871087675,0.19518930379207694,0.14358776605214482,-0.5919822234407633,0.652350376245603,-0.08
2013-08-28,1.2843999862670898,0.21015428998177757,1.7200787456182525,0.38553203232101396,0.013255996459164645,0.07,0.0,0.2549205712492043,0.2467358984994895,0.3512987816683462,0.14078811775362227,1.6548972494603804,-0.07
2013-08-29,1.2768800258636477,0.20896831370989508,1.7027110257094764,0.3860209217020801,0.013065652293424428,0.08,0.0,-0.5872049893626871,-0.5659343718626418,-1.0148370263125088,0.12672868244422583,-1.446318850270305,-0.07
2013-08-30,1.2755999565124512,0.20875541870174028,1.6884182332445334,0.3884405578032007,0.01297765798731058,0.07,0.0,-0.10030005855861884,-0.1019310180720389,-0.8429567856438777,0.6248584437054955,-0.6757561924151178,-0.08
2013-09-02,1.2740999460220337,0.20854406421828597,1.6828688082728858,0.38970453057302357,0.012950144009326028,0.07,0.0,-0.11766174222944033,-0.101296316040379,-0.32921729390273985,0.3248684340137692,-0.21223540904794871,-0.07
2013-09-03,1.2735199928283691,0.20844572129658248,1.679773181458586,0.3878307996987693,0.01279019781793339,0.09,0.0,-0.045529020623414726,-0.047168025185730086,-0.1841187791183456,-0.48196768131856893,-1.242782641451254,-0.07
2013-09-04,1.2774800062179563,0.2090596680087807,1.682954264926394,0.3895112328320196,0.012832030809943207,0.08,0.0,0.3104677829836167,0.294102625000465,0.18919668438360124,0.4323542740835154,0.32653700650493495,-0.09
2013-09-05,1.274530053138733,0.20859398314693026,1.6824590474940493,0.38597561402658814,0.012780062707569142,0.08,0.0,-0.23118673708198106,-0.22300059082281057,-0.02942981381165513,-0.9118512629345861,-0.40580965126266727,-0.08
2013-09-06,1.280609965324402,0.20959589613645543,1.6799511758867431,0.38503005859032685,0.012791262132685445,0.08,0.0,0.47589749418609434,0.4791674577332994,-0.14917109488370475,-0.2452785871478249,0.08759362999252945,-0.08
2013-09-09,1.2751200199127195,0.20867687576567653,1.6798671039654776,0.3875980447327994,0.012754133984677412,0.08,0.0,-0.42961923892654175,-0.439436612376555,-0.005004551691814418,0.6647429954129279,-0.2906838788560197,-0.08
2013-09-10,1.2689000368118286,0.20764196107647998,1.6823112255821115,0.3876516246558889,0.012724756709240575,0.08,0.0,-0.48898950134590874,-0.497175111663999,0.14538919757389304,0.013822623934071297,-0.23060100071074963,-0.08
2013-09-11,1.2677299976348877,0.20748444679750006,1.6818078864454833,0.3892443641411262,0.012641271888529365,0.08,0.0,-0.09225147096980464,-0.07588738444554523,-0.029923978528862565,0.4100270151116278,-0.6582435388199529,-0.08
2013-09-12,1.2651599645614624,0.20711467033991693,1.684633858327203,0.38635557117216085,0.01267314375795095,0.08,0.0,-0.2029329338242884,-0.17837787894219626,0.16789077368782052,-0.7449217556339766,0.25180819267256155,-0.08
2013-09-13,1.267449975013733,0.20750655143674132,1.6855732939904158,0.3854657624148457,0.01272821243371074,0.08,0.0,0.18084198759445366,0.1890309482165798,0.05574943290344079,-0.23057386802123728,0.43358914869193654,-0.08
2013-09-16,1.263450026512146,0.20682458749385882,1.687885751344169,0.3843778671249062,0.01276018819674137,0.08,0.0,-0.31608928282796017,-0.32918817566239117,0.13709712700687432,-0.2826277889060559,0.2509045606196571,-0.08
2013-09-17,1.2615000009536743,0.20645467288392247,1.6825832348072964,0.3888717685793413,0.012733420862416533,0.08,0.0,-0.15446055763150612,-0.1790144070546353,-0.3146458806370637,1.1623547799383376,-0.20999258362379442,-0.08
2013-09-18,1.259619951248169,0.20610651972138946,1.6825892842644237,0.3898545255551368,0.012707004803775599,0.08,0.0,-0.1491440383359055,-0.1687765361442658,0.00035953325381896307,0.25240126214571684,-0.20767001685599137,-0.08
2013-09-19,1.2454099655151367,0.20379139856344922,1.6841698860271208,0.3961479602728732,0.012681091305620838,0.09,0.0,-1.134528418845058,-1.1296206557264294,0.09389456143869929,1.601412038169828,-0.20413903462595043,-0.08
2013-09-20,1.2459800243377686,0.20388467956163003,1.686331783348777,0.39406053550113596,0.012536271576509724,0.08,0.0,0.045762312195354274,0.045762312195376464,0.12828343256903124,-0.5283237622356118,-1.148584186944182,-0.09
2013-09-23,1.2505199909210205,0.20462757239615906,1.6925221704770195,0.39103189769263297,0.012596270893956435,0.09,0.0,0.36370691449322046,0.36370691449322046,0.36641974699262786,-0.7715404465421589,0.4774640806981848,-0.08
2013-09-24,1.2506799697875977,0.20466044138375317,1.6882829110721786,0.3891108089319364,0.012666396565180678,0.09,0.0,0.01279216930340281,0.01606154422221901,-0.25078414900620527,-0.49249775135942586,0.5551737674111115,-0.09
2013-09-25,1.2547999620437622,0.20533799888665946,1.6904442661115127,0.38974994153394493,0.01270747812184547,0.08,0.0,0.32887878424809147,0.3305174133211053,0.12793902678769067,0.1641199007875816,0.32381016354459885,-0.09
2013-09-26,1.2538100481033323,0.2052062227013659,1.6947730341574354,0.3901938979000422,0.012737441755479272,0.08,0.0,-0.07892131401907933,-0.06419585656783619,0.25574549704475746,0.11384317475159762,0.23551771928227186,-0.08
2013-09-27,1.2551599740982056,0.2053801007838702,1.6927309234109345,0.3892693081409991,0.012690561544811827,0.08,0.0,0.10760799158140405,0.08469745968294713,-0.1205672978957965,-0.23723767472873816,-0.3687294140213851,-0.08
2013-09-30,1.256999969482422,0.20573167645187393,1.6963792250771805,0.38621070776117067,0.012849212638432755,0.06,0.0,0.1464871468830998,0.1710365760253894,0.21529563310871686,-0.7888317370787332,1.2424004472779395,-0.08
2013-10-01,1.2551900148391724,0.2053816671379252,1.6976710813834472,0.38855559114580257,0.012755995887958001,0.08,0.0,-0.14409379606743716,-0.17027391787299223,0.07612476257014492,0.6053155765246844,-0.7281109403868693,-0.06
2013-10-02,1.2522200345993042,0.20489570127951373,1.6934249811414048,0.3884177560196826,0.0127874109286559,0.07,0.0,-0.236896364796111,-0.23689636479609985,-0.25042655134601627,-0.03548001435796036,0.24597389661199584,-0.08
2013-10-03,1.2484699487686155,0.20428208989740293,1.6967978688743555,0.3911981978980257,0.012831139872673016,0.08,0.0,-0.2999243142313086,-0.2999243142313086,0.1989774121051326,0.7132880370051071,0.34138532523367837,-0.07
2013-10-04,1.2487200498580933,0.20432301292746427,1.701276658208016,0.3928027961047848,0.012839120445182796,0.08,0.0,0.02003060163235644,0.02003060163235644,0.26360763376548485,0.4093363298098817,0.06217757566984629,-0.08
2013-10-07,1.246749997138977,0.20400066116636176,1.6918389946737307,0.3912722890772952,0.012814780402987924,0.08,0.0,-0.15789034460701212,-0.15789034460701212,-0.5562844793588316,-0.39039857286588153,-0.18975710276976418,-0.08
2013-10-08,1.246749997138977,0.20400066116636176,1.6918389946737307,0.3912722890772952,0.012814780402987924,0.08,0.0,0.0,0.0,0.0,0.0,0.0,-0.08
2013-10-09,1.2486900091171265,0.20433145733122574,1.6979738607594754,0.3910955874193728,0.012886244688216872,0.09,0.0,0.15548459302766937,0.16202312884270034,0.36195937919612836,-0.04517099084339334,0.5561215489053679,-0.08
2013-10-10,1.249940037727356,0.20453600783276657,1.689953199650006,0.3919658942330352,0.012822660116209365,0.09,0.0,0.10005712659191934,0.10005712659194152,-0.4734857599332138,0.22228322868685244,-0.49465118907237765,-0.09
2013-10-11,1.24891996383667,0.2045464857645861,1.689373383867121,0.3930882326566659,0.012720069204985753,0.1,0.0,-0.08164314501087408,0.0051226498253139074,-0.03431546340638529,0.2859265749503809,-0.8032928791438555,-0.09
2013-10-14,1.2470500469207764,0.20407980362168693,1.6905944013409169,0.392314486612122,0.012684358372005803,0.1,0.0,-0.14983491449596367,-0.22841523314802004,0.07225024642274092,-0.19703173311669556,-0.28113884001497164,-0.1
2013-10-15,1.2437599897384644,0.2039653007302109,1.6863627823838812,0.3912917514719268,0.012607805073497015,0.1,0.0,-0.26417583415040413,-0.056122665489810056,-0.25061740150555184,-0.261033072790251,-0.605353768571529,-0.1
2013-10-16,1.2425800561904907,0.20394571458579963,1.6801840547633873,0.3919934633640615,0.012609393492779196,0.11,0.0,-0.09491329542670766,-0.009603145632710468,-0.36706660307752237,0.17917153715298373,0.012597904403264845,-0.1
2013-10-17,1.2441799640655518,0.204305558209088,1.6824383269093917,0.3955553968827154,0.012575095344295892,0.1,0.0,0.12867410468050414,0.17628541070504034,0.13407824179122477,0.9045680810821837,-0.272375349045509,-0.11
2013-10-18,1.2393499612808228,0.203565904945386,1.6938183283562864,0.39287072801560474,0.012647719035608386,0.1,0.0,-0.38896321119027266,-0.36268978897837617,0.6741220058152012,-0.6810223959800816,0.5758587516051585,-0.1
2013-10-21,1.2387700080871582,0.20351744562941712,1.6948788540468627,0.3913223351192383,0.01264993294372602,0.09,0.0,-0.04680590216949618,-0.023808056079603287,0.06259194422607789,-0.3949014551098183,0.01750287437818588,-0.1
2013-10-22,1.242460012435913,0.20426462180517502,1.6991835288462198,0.3916961031940574,0.012653115356811757,0.08,0.0,0.2974336952713513,0.36645898463574117,0.2536592803470827,0.09546853175326901,0.025154385074213782,-0.09
2013-10-23,1.23566997051239,0.20314498760068123,1.7025641078037947,0.39083689473084093,0.012591787979371641,0.08,0.0,-0.5479986088265042,-0.549637022461147,0.19875548873951315,-0.2195968248682871,-0.48586043103221543,-0.08
2013-10-24,1.2383099794387815,0.20388737096406834,1.7065073530550448,0.3923047488613653,0.012711044987819747,0.08,0.0,0.21342209572271276,0.36477895232059315,0.23133847765464197,0.37486343918068127,0.9426445780084088,-0.08
2013-10-25,1.237339973449707,0.20377799209621997,1.7080185704872974,0.39386916280509265,0.012705652269933823,0.08,0.0,-0.07836374747421894,-0.053661105595002284,0.08851697510957433,0.3979821730040052,-0.04243445096077567,-0.08
2013-10-28,1.2354999780654907,0.20340796873882536,1.7056436061242408,0.3938852971506444,0.012662703514705761,0.08,0.0,-0.1488164021828358,-0.18174666851991564,-0.13914468528924828,0.004096287961341713,-0.33860133961323696,-0.08
2013-10-29,1.2379000186920166,0.20375278024199672,1.7069774389167094,0.39369653818010863,0.012680802948813266,0.08,0.0,0.19406819624276722,0.16937368666592412,0.07817058166058519,-0.04793380590619959,0.1428329360078879,-0.08
2013-10-30,1.2413300275802612,0.20415940062915336,1.7059674075733966,0.39469953421575754,0.012641607679633493,0.08,0.0,0.27669970213738154,0.19936669749422067,-0.05918826223271956,0.2544397700292522,-0.3095700567907819,-0.08
2013-10-31,1.2398899793624878,0.2038019021286965,1.7016263942193888,0.39254414717731084,0.012586820548100107,0.07,0.0,-0.11607583168220105,-0.17526103066595394,-0.25478481032815203,-0.5475794788934194,-0.43432921912555883,-0.08
2013-11-01,1.241569995880127,0.20405456970196442,1.6860223547933515,0.39179841295039697,0.012627719476718247,0.08,0.0,0.13540551055331565,0.12390025562516392,-0.9212377633465623,-0.19015529426352445,0.3244077777851761,-0.07
2013-11-04,1.2430800199508667,0.20413499139077723,1.6774125293535747,0.3921264408921447,0.012595549822051402,0.08,0.0,0.12154824599259774,0.03940408943241478,-0.5119673513765299,0.08368862379732905,-0.25507932162616875,-0.08
2013-11-05,1.242210030555725,0.2040088659287294,1.6790933090147178,0.39183962767535574,0.012595030208695776,0.08,0.0,-0.07001109834243069,-0.06180441714395089,0.10015056624761781,-0.07316980698138334,-0.004125457651752696,-0.08
2013-11-06,1.2432899475097656,0.20426002618891034,1.6750963204553955,0.3912546592798449,0.012627873682905424,0.08,0.0,0.08689736725214038,0.12303670287596244,-0.2383282338078816,-0.1493992521871461,0.2604259439221646,-0.08
2013-11-07,1.2426300048828125,0.2042892220076188,1.6797971219039027,0.3905676289386911,0.01259635058958243,0.08,0.0,-0.05309444029532552,0.014292435434407303,0.28023569783272584,-0.1757510698661037,-0.249943145075705,-0.08
2013-11-08,1.244570016860962,0.2046687131035214,1.6688612249170376,0.39174378310618657,0.012677573285779823,0.08,0.0,0.15599970686895728,0.18558935882937874,-0.6531532770533066,0.3006871779058775,0.6427413188231738,-0.08
2013-11-11,1.2476799488067627,0.20519027611637505,1.665393980282147,0.39020483269055384,0.012577545945839519,0.08,0.0,0.24956835011011624,0.25450865205138745,-0.2079772345720717,-0.3936198291141253,-0.7921393050592553,-0.08
2013-11-12,1.2487000226974487,0.20533101582139032,1.6744216844693938,0.3891971133249932,0.012595574013468764,0.08,0.0,0.08172425344734663,0.06856633908796142,0.5406122421430997,-0.2585879935878961,0.14323270806738717,-0.08
2013-11-13,1.24891996383667,0.20534692687770123,1.678543048983272,0.3903240672954801,0.01253721758728786,0.08,0.0,0.01761205795720853,0.00774867830217437,0.24583417465517346,0.2891402526665462,-0.4643855882082172,-0.08
2013-11-14,1.245360016822815,0.20473129710147542,1.6799450574357166,0.38977183496936585,0.012551754598067684,0.09,0.0,-0.2854490641545479,-0.30025014873730166,0.0834904569830658,-0.14158064841953852,0.11588368227475865,-0.08
2013-11-15,1.2468299865722656,0.2049965433971045,1.6768609207547343,0.3893545135212807,0.012438447856580777,0.09,0.0,0.11796611959086316,0.12947440054859827,-0.1837542931486476,-0.1071254973735619,-0.9068155261207859,-0.09
2013-11-18,1.2462999820709229,0.20490940313585773,1.6805101489306367,0.3916226705323281,0.01241903689248851,0.09,0.0,-0.04251719854102639,-0.04251719854103749,0.21738613559522932,0.5808526636796275,-0.15617805448742242,-0.09
2013-11-19,1.246510028839111,0.20494731200600103,1.6833356975589027,0.39324563438949894,0.012482201033321788,0.09,0.0,0.01685220837256991,0.018498596631892072,0.16799517110723772,0.4135639470192622,0.5073183629963502,-0.09
2013-11-20,1.2424800395965576,0.20425448005859695,1.685724439880289,0.3892359327363994,0.012402352168819193,0.09,0.0,-0.3238255399488035,-0.33862638086428165,0.14180469473525237,-1.0248769859496165,-0.6417566584604361,-0.09
2013-11-21,1.2463799715042114,0.20490234589962997,1.6743641228697328,0.3891410901466257,0.012438052854534209,0.09,0.0,0.31339127810815287,0.3166836486042277,-0.6761940993409066,-0.02436931909726885,0.28744064568998245,-0.09
2013-11-22,1.2501599788665771,0.20552038816107468,1.6841933630241783,0.38939728332778717,0.012338850322784103,0.09,0.0,0.30281992886649084,0.301173730068804,0.5853267814413238,0.06581388898421056,-0.8007704686848169,-0.09
2013-11-25,1.2499099969863892,0.20545226753356444,1.6939204094886406,0.3886535963469767,0.012339914953982225,0.09,0.0,-0.019997990731099455,-0.03315092972255074,0.5758878476184734,-0.19116672873712937,0.00862791300005471,-0.09
2013-11-26,1.2496600151062012,0.20544832655842438,1.6904888369228388,0.3885154665202577,0.012330143403261044,0.09,0.0,-0.0200019907273702,-0.001918213405794946,-0.20278716265776914,-0.035546918881170564,-0.07921790123630634,-0.09
2013-11-27,1.2511800527572632,0.20569485572122298,1.6975741982931964,0.38965433389442017,0.012359286785315154,0.09,0.0,0.12156217886777312,0.11992376523312134,0.41825501035972257,0.2927042881044515,0.23607993677531142,-0.09
2013-11-28,1.255010008811951,0.2063346772274738,1.7035101168866904,0.3957648916507783,0.012278740045528551,0.09,0.0,0.3056399508483616,0.3105709515293136,0.3490607153784865,1.556030422827504,-0.6538431611790128,-0.09
2013-11-29,1.2555899620056152,0.20643002663041207,1.7080997462409186,0.39612266104838134,0.012274566576595976,0.07,0.0,0.04620036730035155,0.04620036730035155,0.2690596115718747,0.09035864264462244,-0.033995168447150205,-0.09
2013-12-02,1.2546600103378296,0.20625000244955966,1.7044695385730366,0.39843126022733577,0.012244049556629069,0.09,0.0,-0.0740923589741421,-0.08724637956103252,-0.21275518439282642,0.5811073644324006,-0.24892951184147652,-0.07
2013-12-03,1.2559200525283811,0.20646391825147273,1.7007747273823524,0.3980476834134963,0.012201335518366416,0.09,0.0,0.1003785790374698,0.10366300254952725,-0.21700720136847781,-0.09631813786321912,-0.349465402998683,-0.09
2013-12-04,1.253000020980835,0.20600421755985962,1.7029083941215788,0.39548024341978477,0.012242186655584835,0.09,0.0,-0.2327720916135317,-0.22290249453868557,0.12537401059649667,-0.6470973146275092,0.3342494994054713,-0.09
2013-12-05,1.254520058631897,0.20628124500158382,1.704441525310713,0.3980960483479869,0.012250693985165132,0.09,0.0,0.12123833819791179,0.13438624864187138,0.08998965934513573,0.6592471143736071,0.06946777757339834,-0.09
2013-12-06,1.2533400058746338,0.20609738885521597,1.7133132277447773,0.39576242941980994,0.012318806842054312,0.09,0.0,-0.09410834847254229,-0.08916861517793677,0.5191550009320705,-0.5879198157646615,0.5544518943230676,-0.09
2013-12-09,1.2506500482559204,0.20597681090994077,1.7142054931151591,0.39762505434970463,0.012126810447146407,0.09,0.0,-0.21485378099334887,-0.0585224451253174,0.052064800411290385,0.4695381235635618,-1.5708365273818699,-0.09
2013-12-10,1.2490299940109253,0.20603235599141548,1.7161955925356267,0.3970089877763211,0.01209526860764841,0.09,0.0,-0.12962094703569157,0.026963032026196418,0.116027227956133,-0.15505670891399856,-0.2604388934182741,-0.09
2013-12-11,1.2486499547958374,0.20601385604945952,1.7186962695065233,0.3960322124078235,0.012146637065449087,0.08,0.0,-0.030431378383954846,-0.008979547161358022,0.14560443316021907,-0.24633672555927794,0.42379947663674516,-0.09
2013-12-12,1.2516800165176392,0.2064899358149497,1.7255745775198648,0.3934863309554184,0.012210558951673531,0.09,0.0,0.24237306594727703,0.23082453362074765,0.39940628729299144,-0.6449222245441176,0.5248718524772378,-0.08
2013-12-13,1.2565399408340454,0.20729851122811271,1.7278438273119863,0.3962723197384847,0.012135792251529803,0.08,0.0,0.3875202718190423,0.39081634497297274,0.13142051455767673,0.7055320855936719,-0.6141941727340843,-0.09
2013-12-16,1.2552000284194946,0.2070843003407868,1.7245548518591534,0.3937017845872207,0.01215454700514672,0.09,0.0,-0.10669197911063141,-0.10338793039984227,-0.19053282969122287,-0.6507920220870544,0.15442153479718168,-0.08
2013-12-17,1.2554800510406494,0.2071236552055568,1.7279071382037614,0.38606396523956926,0.01218593228798526,0.09,0.0,0.02230651564146036,0.019002466930664565,0.19419691847620463,-1.9590662008206798,0.25788563860679564,-0.09
2013-12-18,1.257159948348999,0.20741448698801232,1.7312676239632196,0.3859396864093799,0.012250155340074327,0.09,0.0,0.13371573795378536,0.14031607737412186,0.19429413358183314,-0.032196436117224295,0.5256422463365807,-0.09
2013-12-19,1.2617900371551514,0.208154349618911,1.7267527394404851,0.3841767270828815,0.012107799105612646,0.09,0.0,0.3676209569262608,0.35607261538271207,-0.26112553505863906,-0.45784309364432796,-1.1688818583000715,-0.09
2013-12-20,1.266010046005249,0.20886774909615075,1.7288368949990627,0.3842682092496798,0.012140953183367692,0.09,0.0,0.33388817404067306,0.34214022487467,0.12062519174831801,0.023809687045916243,0.2734499327555786,-0.09
2013-12-23,1.2661499977111816,0.20888738755712563,1.7318897726461273,0.38447406521050725,0.012171008483787079,0.09,0.0,0.011053938428761888,0.009401900427440721,0.17642990806008155,0.053556561824967604,0.2472471464196836,-0.09
2013-12-24,1.2671500444412231,0.2090937592182521,1.73598846729206,0.3846492468569827,0.012163550280320335,0.08,0.0,0.07895209926570923,0.09874688343620697,0.23638064954023158,0.04555359244901399,-0.061297217447561565,-0.09
2013-12-25,1.267590045928955,0.2091215096547035,1.7343102839265043,0.3847828113402217,0.012153307850814987,0.08,0.0,0.03471768121891101,0.013270886338945222,-0.09671694667689282,0.03471768121891101,-0.08424139381686847,-0.08
2013-12-26,1.2672799825668335,0.20907035674561927,1.7321797036876774,0.38489900538358923,0.012124296404716144,0.08,0.0,-0.024463847075581052,-0.024463847075581052,-0.12292437103364803,0.030192747632996772,-0.23899771660260113,-0.08
2013-12-27,1.2690600156784058,0.20936401889035042,1.7381288759723077,0.38608458731571066,0.012100230191609622,0.08,0.0,0.14036236506536962,0.14036236506536962,0.3428616202841976,0.307550738526157,-0.19869301411023607,-0.08
2013-12-30,1.2694200277328491,0.20952019574980826,1.7454831061179163,0.38543192601097154,0.01205298168829403,0.08,0.0,0.028364379526363108,0.07456803633849277,0.42221930046649453,-0.1691892394141628,-0.3912404182064421,-0.08
2013-12-31,1.2669800519943235,0.2093559105180583,1.7497066036509776,0.38678145626532734,0.012074066316346863,0.07,0.0,-0.19239681552526514,-0.07844096987887104,0.24167498416072564,0.34952298398929055,0.1747800511378866,-0.08
2014-01-01,1.262310028076172,0.2088534078432137,1.7350385582567471,0.3853557995243129,0.011987749206955983,0.07,0.0,-0.3692758898501818,-0.24031167867887127,-0.8418481892175452,-0.3692758898501706,-0.7174643956114836,-0.07
2014-01-02,1.264009952545166,0.20913466602110092,1.740125790536979,0.38427931962166156,0.012001158165065523,0.08,0.0,0.13457715084349994,0.13457715084349994,0.2927767094468772,-0.2797379116041395,0.11179299913998991,-0.07
2014-01-03,1.266950011253357,0.20973562995914358,1.7314920154288842,0.38617104701201743,0.012085412122522982,0.08,0.0,0.23232766007251618,0.28694531751682917,-0.4973930536481257,0.49107152748159527,0.6995956675513567,-0.08
2014-01-06,1.266450047492981,0.20962509779048746,1.7218664754348936,0.3856425330043486,0.012071545834107215,0.08,0.0,-0.03946978410618603,-0.05271460291898305,-0.5574610887698473,-0.1369538199278404,-0.1148016233134513,-0.08
2014-01-07,1.2672200202941897,0.20971090064596776,1.72746988650448,0.3859357506395043,0.012160253636188795,0.07,0.0,0.06077924941381886,0.04092320096421872,0.3248982071157141,0.07600464022554136,0.7321635231014072,-0.08
2014-01-08,1.2713899612426758,0.21045320919086785,1.7311719110363128,0.38722930925634574,0.012141779220129151,0.07,0.0,0.32852188632444185,0.35334256298299976,0.21407397252053198,0.33461414409417567,-0.15204011720080995,-0.07
2014-01-09,1.2731800079345703,0.2107460390777112,1.7279623689216805,0.3888878693525332,0.012143565549199022,0.07,0.0,0.14069544236267253,0.13904580087746202,-0.18556914972959132,0.4274000541809429,0.014711169143864444,-0.07
2014-01-10,1.2705999612808228,0.2101902308096908,1.728919165139331,0.38823025342974393,0.012120575589882535,0.07,0.0,-0.20285147062124395,-0.2640820622006257,0.055356033040511565,-0.16924481889746812,-0.18949746512202742,-0.07
2014-01-13,1.263409972190857,0.2090976719879363,1.7273150079301731,0.3873470905177061,0.012154133301964073,0.07,0.0,-0.5674806787595131,-0.521150878559676,-0.09282688868982641,-0.22774344832417395,0.2764830969394756,-0.07
2014-01-14,1.2652900218963623,0.20971773955489664,1.7296488752353414,0.3873890136791033,0.01227055020413418,0.07,0.0,0.14869696336559823,0.2961056364813654,0.13502412744989775,0.010822565570643016,0.9532797732896672,-0.07
2014-01-15,1.268720030784607,0.21035947159244495,1.734148031389111,0.3859576663410581,0.012178270288430201,0.07,0.0,0.2707180249299654,0.30553075469359825,0.25978189861184864,-0.37017006976424083,-0.7548859377327726,-0.07
2014-01-16,1.2728999853134155,0.21088469727909723,1.7310594782181,0.38616024350043004,0.012172590830295201,0.07,0.0,0.3289207883847027,0.24936889226734754,-0.17826083894375613,0.052473116201041524,-0.046646877991656316,-0.07
2014-01-17,1.2718499898910522,0.210369172965421,1.7320105660401597,0.38613453921293495,0.012194736202313447,0.07,0.0,-0.08252248685969726,-0.2447571915413731,0.054927439169113565,-0.0066566000651388756,0.18176288343447805,-0.07
2014-01-20,1.2752399444580078,0.211121958705584,1.7250923166659504,0.3846181613753551,0.012233925796272957,0.07,0.0,0.266182714855634,0.35720160355289604,-0.40023446475744173,-0.39348024155782674,0.32084956254553404,-0.07
2014-01-21,1.27646005153656,0.21123652316362693,1.7294799876370206,0.3831372524884707,0.012247158265524015,0.07,0.0,0.09563092631991492,0.054249868663999334,0.2540212184852467,-0.38577669313982793,0.10810363222740352,-0.07
2014-01-22,1.2782299518585205,0.21160646116499643,1.7331695779678569,0.3840950682551018,0.012264375014137251,0.07,0.0,0.13856089018858986,0.17497657970742328,0.2131080062991372,0.24968089542747382,0.14047877991261093,-0.07
2014-01-23,1.2792199850082395,0.21174582012710183,1.732350972229568,0.38329837613328116,0.012225545552555611,0.07,0.0,0.0774234666260814,0.06583593536506442,-0.04724287400156939,-0.2076359692348238,-0.31710592130129117,-0.07
2014-01-24,1.2791500091552734,0.21171670768164944,1.7510369118788276,0.3818928292986294,0.012374479782990708,0.07,0.0,-0.005470346599061255,-0.01374971506872813,1.0728704070767447,-0.3673718164739668,1.210860949187324,-0.07
2014-01-27,1.2787400484085083,0.21175049593386738,1.7503319651555955,0.38318900761116176,0.012530524352458432,0.07,0.0,-0.03205460289922748,0.015957907484297772,-0.04026692173915457,0.33883422402792257,1.253134596141053,-0.07
2014-01-28,1.2760800123214722,0.21133801391523352,1.744995082824374,0.38282781891890305,0.012430036465934895,0.07,0.0,-0.20823674349042665,-0.19498622142574445,-0.30537265356136784,-0.09430307703869452,-0.805177657258159,-0.07
2014-01-29,1.2735999822616575,0.21082950118110114,1.739106662942518,0.3818089063350997,0.012337378768228735,0.07,0.0,-0.19453663575136332,-0.2409057835481835,-0.3380168501416672,-0.26650908941144597,-0.7482260793911316,-0.07
2014-01-30,1.2762199640274048,0.21109897731142901,1.743136564273641,0.3828698048491103,0.012475268093410636,0.07,0.0,0.2055033487059417,0.12773547210240194,0.2314544313665467,0.2774758023660391,1.1114553432487657,-0.07
2014-01-31,1.2745699882507324,0.21063790503084076,1.7281601852577637,0.3805254547694785,0.012403607973362233,0.07,0.0,-0.12936980603384585,-0.2186540867494828,-0.8628747709531567,-0.6141922994127372,-0.5760735977983634,-0.07
2014-02-03,1.2772400379180908,0.2110791626106089,1.7227641303529708,0.3818355835556614,0.012498434526533632,0.07,0.0,0.20926719578526382,0.20926719578526382,-0.31273124584068884,0.3437033137986538,0.7616002705587657,-0.07
2014-02-04,1.2752599716186523,0.21075193301868334,1.724792711514965,0.38504225774905365,0.0126086096099204,0.07,0.0,-0.15514724303387148,-0.15514724303386038,0.11768225959181845,0.8362982238057216,0.8776484399262013,-0.07
2014-02-05,1.2682600021362305,0.20959510450345933,1.7141659205794895,0.38292874041637587,0.01247194843922245,0.07,0.0,-0.5504173135800633,-0.5504173135800633,-0.6180257395935446,-0.5504173135800633,-1.0897885362999182,-0.07
2014-02-06,1.2678600549697876,0.20952900846005715,1.7160608376801463,0.38195457836708774,0.012495417304918313,0.07,0.0,-0.03154008175896766,-0.03154008175896766,0.11048350018542705,-0.2547218777265739,0.1879963857498036,-0.07
2014-02-07,1.2682000398635864,0.20958519502213854,1.7237536715413029,0.38085228680711636,0.012428581440994683,0.06,0.0,0.026812053588815183,0.026812053588815183,0.4472826465426319,-0.28900954554842545,-0.5363186285569979,-0.07
2014-02-10,1.2681100368499756,0.20948723503139055,1.727082107222202,0.3796964135699425,0.012368908852386501,0.07,0.0,-0.007097161697616175,-0.046750864770416935,0.19290612051443629,-0.30395795207616666,-0.48128018670813777,-0.06
2014-02-11,1.2702800035476685,0.20998446696652848,1.7334370435489177,0.38171764829785193,0.012437507596115182,0.06,0.0,0.17097193037726258,0.23707542876413495,0.3672826644593521,0.5309172963563044,0.5530739898315884,-0.07
2014-02-12,1.267169952392578,0.20942880731290053,1.7282968063714172,0.3816891890436182,0.012360222335983452,0.07,0.0,-0.2451321418309502,-0.26497014415481024,-0.29697493673237074,-0.007455855215029482,-0.6233273011521865,-0.06
2014-02-13,1.2655600309371948,0.20910052334381932,1.7199081103289302,0.3808027992696934,0.012350662240055838,0.06,0.0,-0.12712935708167297,-0.1568750442847418,-0.4865553407849261,-0.23249822602604345,-0.07737559030041181,-0.07
2014-02-14,1.2647500038146973,0.20892527395333665,1.7300221476879187,0.3825967206465206,0.012376697459591192,0.06,0.0,-0.06402592085901129,-0.08384621326375201,0.5863345388615211,0.4699831823569447,0.21057831869077362,-0.06
2014-02-17,1.2585300207138062,0.20778451281033894,1.7241790830409798,0.38264822364749834,0.012391496826181283,0.06,0.0,-0.4930087535965218,-0.5475100556414844,-0.33831672388856665,0.013460526969696338,0.11950300599698108,-0.06
2014-02-18,1.259060025215149,0.20796815672009508,1.725472532682005,0.38155647495976264,0.012336227674216426,0.07,0.0,0.04210411540430162,0.08834287072995559,0.07499016397738856,-0.28572172677036844,-0.44702248280450285,-0.06
2014-02-19,1.261549949645996,0.2082659065695506,1.736141682588368,0.3829842088581552,0.012328010208113705,0.07,0.0,0.19756529297036513,0.14306849270814959,0.6164282341732037,0.3734884456186533,-0.06663466713209124,-0.07
2014-02-20,1.2637900114059448,0.20832275158101402,1.7352364476302424,0.3821213608421446,0.012352435694584689,0.07,0.0,0.17740679528398887,0.027290715051422915,-0.05215421338082259,-0.22555015045697754,0.19793398013767702,-0.07
2014-02-21,1.2642099857330322,0.20815179932124017,1.7346460259479102,0.38359376085134755,0.012356419867417714,0.07,0.0,0.033225817359676856,-0.0820949414578641,-0.034031221087533634,0.38458214609138497,0.03224894700248959,-0.07
2014-02-24,1.2670600414276123,0.20834662999271591,1.7406823012473183,0.38595753899511537,0.012359993711943454,0.07,0.0,0.22518789922647983,0.09355650440634097,0.3473790560886216,0.6143282659132884,0.028918795513514783,-0.07
2014-02-25,1.2627099752426147,0.20739262059551192,1.734467912886046,0.3846676426338855,0.012321285176103577,0.07,0.0,-0.34391035104701584,-0.4589468376613744,-0.3576475606786179,-0.3347665237577475,-0.3136674379989898,-0.07
2014-02-26,1.2644100189208984,0.20678539583503272,1.7380684791419296,0.3854438496416344,0.01237797356861096,0.07,0.0,0.13454398197654155,-0.2932194232696616,0.20737392728096649,0.20158308982073575,0.45902990557433077,-0.07
2014-02-27,1.2661199569702148,0.20705827858104528,1.7322989156551785,0.3865543098886936,0.012376659717113018,0.07,0.0,0.1351446792459329,0.13187722922019562,-0.3325047838487575,0.2876848860899136,-0.010614994647756669,-0.07
2014-02-28,1.264430046081543,0.20666024222959398,1.7332118458849664,0.38579102340022947,0.01238301869085837,0.06,0.0,-0.13356077831663996,-0.1924189777544318,0.052686620456519395,-0.1976542626882607,0.05136556121923418,-0.07
2014-03-03,1.2691600322723389,0.2068686827391723,1.7485155367862717,0.38603280599680356,0.01252810846897057,0.07,0.0,0.37338255516914176,0.10081061548322999,0.8790917711371767,0.06265227770226542,1.1648723705970734,-0.06
2014-03-04,1.2699099779129028,0.2069504359163288,1.7444776362586651,0.3883279225832961,0.012522284796792483,0.07,0.0,0.05907246821581585,0.0395115520451042,-0.23120012701040343,0.592778849028233,-0.04649565554695637,-0.07
2014-03-05,1.2689599990844729,0.2068866490265327,1.7436996796425321,0.38861972415935236,0.012419111566583974,0.08,0.0,-0.07483477936020388,-0.03082705374751654,-0.0446053373195973,0.0751148654609491,-0.8273299313344201,-0.07
2014-03-06,1.2691600322723389,0.20710836770651356,1.7430882586636471,0.39084750785330474,0.012398136825135214,0.08,0.0,0.01576231114437675,0.10711177295249547,-0.035070729621082375,0.5716185795842226,-0.16903361816621143,-0.08
2014-03-07,1.2630300521850586,0.2067626008115271,1.7509496624351186,0.38758710322770495,0.012258619464020064,0.08,0.0,-0.4841652370106063,-0.16708926295053136,0.44999036727944663,-0.8376872366470614,-1.1316886008608262,-0.08
2014-03-10,1.268120050430298,0.2073412934316442,1.7599823904184577,0.386233387199537,0.012289175505644232,0.08,0.0,0.4021891156221717,0.2794916951372304,0.514549856088192,-0.349878925636305,0.2489515448807184,-0.08
2014-03-11,1.2678600549697876,0.20687596352054985,1.7596458848645968,0.3851570710395812,0.012281181508584251,0.08,0.0,-0.020504534784619537,-0.2246792469584554,-0.019121653116001967,-0.27905889862492256,-0.06507025793247986,-0.08
2014-03-12,1.267490029335022,0.20676161432039192,1.7564994732630197,0.386159105231916,0.012324874314177944,0.08,0.0,-0.029189313119597823,-0.055289562262584725,-0.17896941798126717,0.259824644388149,0.3551390099323021,-0.08
2014-03-13,1.2669899463653564,0.20651496626402888,1.7616900988516022,0.3863952209254582,0.012326843755550876,0.08,0.0,-0.03946237342175137,-0.11936223693016454,0.29507388663157,0.061125979856576286,0.01597812672976694,-0.08
2014-03-14,1.266610026359558,0.2067529602672816,1.7562047810019976,0.3866921091422077,0.012444586770983534,0.08,0.0,-0.02999052831827899,0.11517662721122432,-0.31185254150157904,0.07680587167774829,0.9506427336073628,-0.08
2014-03-17,1.2653199434280396,0.20606810501895528,1.7604451714733358,0.387007168308494,0.012487120502945221,0.08,0.0,-0.10190511258642003,-0.3317930862514807,0.24116091074000523,0.08144228458864727,0.3412022510837167,-0.08
2014-03-18,1.264359951019287,0.20498037478278058,1.760824310543967,0.38538158707789943,0.012412844585402458,0.08,0.0,-0.07589833456349651,-0.5292479250488109,0.021534226450574692,-0.4209236914401636,-0.5965963212068994,-0.08
2014-03-19,1.2635300159454346,0.2043852498182965,1.76020787904136,0.3853870629595653,0.012455934399994466,0.08,0.0,-0.06566228075726836,-0.2907549378733123,-0.03501425012404165,0.0014208885288031878,0.3465377832894274,-0.08
2014-03-20,1.2734800577163696,0.20559898378407174,1.7598496613015158,0.38534254562475073,0.012428075388330871,0.08,0.0,0.7843952131698001,0.5920898474241671,-0.020352948039926353,-0.011551998098495659,-0.2239110460099304,-0.08
2014-03-21,1.2771600484848022,0.20541045989447862,1.760191944211087,0.38616394443354307,0.012471413842903322,0.08,0.0,0.28855449366603514,-0.09173701758632044,0.0194476627840897,0.21293381967211245,0.34810752890689245,-0.08
2014-03-24,1.2736300230026243,0.2049251116828291,1.7570459899949356,0.3857965056689499,0.012457136143590607,0.09,0.0,-0.27677916541751724,-0.23656171758336766,-0.17888781560664477,-0.09519627392650618,-0.11454898806111256,-0.08
2014-03-25,1.2707699537277222,0.20543007651486694,1.758607842243748,0.3854789522166975,0.012433296590461551,0.09,0.0,-0.22481296224218517,0.246111223371998,0.08885131620419318,-0.08234502134077944,-0.19155601409951598,-0.09
2014-03-26,1.2679100036621094,0.2047757493760462,1.752128099553829,0.38458809840855884,0.012395854311650144,0.08,0.0,-0.22531010788951153,-0.3190240861929248,-0.3691391295323075,-0.2313705552854506,-0.30159957818117844,-0.09
2014-03-27,1.2671300172805786,0.2043955911676288,1.746368476943374,0.38708722485723657,0.01243466844743023,0.08,0.0,-0.06153641754768584,-0.18581864374874435,-0.32926302416214204,0.6477167561598656,0.3126327042771793,-0.08
2014-03-28,1.2632700204849243,0.20365797194187396,1.7359049269153533,0.38735166553060907,0.012367176532190194,0.08,0.0,-0.305090083157918,-0.36153098311535486,-0.6009626646699727,0.0682922014718526,-0.5442504934031556,-0.08
2014-03-31,1.2592999935150146,0.20304085752269785,1.7318059061036593,0.3861462076443671,0.012239403573385382,0.06,0.0,-0.3147607579260435,-0.3034751261070319,-0.23641087265904595,-0.31169028486679484,-1.0385360881106265,-0.08
2014-04-01,1.258389949798584,0.20273069010025166,1.7334388283711633,0.38592632093011253,0.012192047471756772,0.08,0.0,-0.07229196418572853,-0.15287788642280978,0.094245717892618,-0.05696012021192934,-0.3876655614808182,-0.06
2014-04-02,1.2597500085830688,0.20328713239874202,1.7378018995312061,0.38505624327498333,0.012155876692370863,0.09,0.0,0.10802091537500082,0.27409764598140984,0.2513840899961851,-0.22570627791000825,-0.297116138124249,-0.08
2014-04-03,1.2617499828338623,0.20364929685049823,1.7372058803424295,0.3838373061543501,0.012147746850589336,0.08,0.0,0.1586337241330024,0.177995638308014,-0.034303186201371294,-0.31706291272467424,-0.0669023042625266,-0.09
2014-04-04,1.2626500129699707,0.20363024375163893,1.732838357176206,0.3851068927741801,0.012153018092347425,0.08,0.0,0.07130646298052963,-0.009356275959765433,-0.2517273656223639,0.330215840175769,0.04338334083838867,-0.08
2014-04-07,1.2588499784469604,0.20296502328024413,1.7251374041533865,0.38488702325578006,0.012183991310155047,0.09,0.0,-0.3014108596343831,-0.32721535092776266,-0.4454031078034678,-0.05710941860671042,0.2545360772801852,-0.08
2014-04-08,1.2595000267028809,0.20306983089167924,1.7309385478907302,0.3892150812568225,0.012219969377014328,0.08,0.0,0.051624934503016556,0.051624934503016556,0.3357072741484188,1.1182253801125686,0.2948545392802815,-0.09
2014-04-09,1.2515699863433838,0.2022935489912423,1.726327182912115,0.3875069638407345,0.012275709517590001,0.08,0.0,-0.6316085717241485,-0.38300590922824324,-0.26676385747167436,-0.4398279102481628,0.4551026082779837,-0.08
2014-04-10,1.2467299699783323,0.2013908161436331,1.7273469915265023,0.38664288815000114,0.012210034007505881,0.08,0.0,-0.3874652767807121,-0.44724761737589486,0.0590564478591888,-0.22323224562732064,-0.536440051419671,-0.08
2014-04-11,1.249559998512268,0.20145745301182869,1.7351866706168408,0.38592873052963345,0.012325508308988833,0.09,0.0,0.2267388630408479,0.0330828621620039,0.4528298206839223,-0.18487808936174577,0.9412887850697484,-0.08
2014-04-14,1.2484999895095823,0.20132551184219202,1.728697548109707,0.3841420352999766,0.012307525216215812,0.09,0.0,-0.08486658217894816,-0.06551477389505435,-0.37467361427724283,-0.4640348692583132,-0.14600796892811874,-0.09
2014-04-15,1.2530499696731567,0.20180863831657148,1.7313538306227372,0.38582688639516494,0.012296376765669461,0.1,0.0,0.36377328099323225,0.23968532831176223,0.1535400919880225,0.43764202343349723,-0.09062344109110422,-0.09
2014-04-16,1.2529699802398682,0.20170154568318055,1.7305976005319224,0.38711340494754454,0.012298850513381712,0.09,0.0,-0.006383782644551084,-0.05308051204253238,-0.043688082740703675,0.3328898117595776,0.0201156727890726,-0.1
2014-04-17,1.25,0.20124287496401497,1.7283813655376434,0.38607653754100363,0.012230800520973575,0.09,0.0,-0.23731660045507552,-0.22765964424187324,-0.12814390138185566,-0.26820525490910874,-0.5548400740631007,-0.09
2014-04-18,1.252709984779358,0.20175388240888517,1.730262538624572,0.38645997936427007,0.012228360894123354,0.1,0.0,0.21656411290096178,0.25360388608572154,0.10878097454143056,0.09926827958632574,-0.019948573190292918,-0.09
2014-04-21,1.2523000240325928,0.20168785661416808,1.7300784660952784,0.3851334769348944,0.012210413941528603,0.1,0.0,-0.03273126646065924,-0.03273126646064813,-0.010638982066573908,-0.3438348849122163,-0.1468727949060369,-0.1
2014-04-22,1.2525500059127808,0.20172811718163586,1.7278935191539802,0.38350020906611104,0.012199766516521089,0.1,0.0,0.019959828175679702,0.019959828175679702,-0.12637159823125757,-0.4249801580929765,-0.08723758270507007,-0.1
2014-04-23,1.2558000087738037,0.20165071441347407,1.734266900854351,0.3845423552706113,0.012237261202729367,0.1,0.0,0.25913486241274175,-0.03837720923812291,0.3681740951642241,0.2713773669509804,0.3068680533686045,-0.1
2014-04-24,1.2552800178527832,0.2015639755922353,1.7346986322017415,0.384089115821738,0.01224902397281053,0.1,0.0,-0.04141571936691893,-0.04302364210764529,0.024891071733376024,-0.11793415139804493,0.09607640278346861,-0.1
2014-04-25,1.2574000358581543,0.2015419382659114,1.7392387895902743,0.38450248621831695,0.012291059919182204,0.09,0.0,0.16874559936941072,-0.010933764843551687,0.2613840966148377,0.10756569167263261,0.34259041387716427,-0.1
2014-04-28,1.2562099695205688,0.20119640021053936,1.7386749439027938,0.3843383616540946,0.01230311863493283,0.09,0.0,-0.09468982252285404,-0.17159436147276874,-0.032424363318186246,-0.042694028853842034,0.09806155298421007,-0.09
2014-04-29,1.2563600540161133,0.20124299981974442,1.7404242508868037,0.38563493482403427,0.01225525838140528,0.1,0.0,0.011946691580103405,0.023158572152643258,0.10056092301394619,0.3367842498920386,-0.38976772843197066,-0.09
2014-04-30,1.2552900314331057,0.20090748720829205,1.7340176812981556,0.3844097397145257,0.012239089688676172,0.09,0.0,-0.08520475474999993,-0.16685927289379754,-0.368783072189526,-0.3182143020745034,-0.1320198033541956,-0.1
2014-05-01,1.2529200315475464,0.20048644729238083,1.737705046772433,0.38370747494407165,0.012257092707740901,0.09,0.0,-0.1889794340493939,-0.20978895501064565,0.21242288913338564,-0.18285359388468403,0.146986350890775,-0.09
2014-05-02,1.252900004386902,0.2004832426391022,1.7378941374474977,0.3836543360721379,0.012251383828393008,0.09,0.0,-0.0015984516332003989,-0.0015984516332115011,0.01088104037482848,-0.013849756726449461,-0.04658697934755776,-0.09
2014-05-05,1.2512199878692627,0.20021441419472175,1.7357805163611602,0.38426952832426103,0.012242857389740687,0.09,0.0,-0.13418021300079572,-0.13418021300079572,-0.12169368509309156,0.16022223354459864,-0.06961994797700773,-0.09
2014-05-06,1.2494399547576904,0.20037205013596007,1.7337199826358471,0.3847508583149488,0.012232621521675055,0.09,0.0,-0.14236509186028634,0.07870258404187008,-0.11877986287478716,0.12518005033523716,-0.08364182535039505,-0.09
2014-05-07,1.2469199895858765,0.20060491457274637,1.7370444297959295,0.3835968594701264,0.012261610728927409,0.08,0.0,-0.2018912403616768,0.11614854889944264,0.19156864492796793,-0.30038475701327694,0.2367024243979722,-0.09
2014-05-08,1.2494900226593018,0.2007406358732703,1.7382517253426784,0.3858832782717465,0.01226529372591802,0.08,0.0,0.20589838758632767,0.06763314333328209,0.06947871729032068,0.5942779854921173,0.03003230207933368,-0.08
2014-05-09,1.2469199895858765,0.20053070477437598,1.7262708289881203,0.3866178883869555,0.012273679890534678,0.08,0.0,-0.20589838758632226,-0.10463299856317007,-0.6916360870237291,0.19019009118757446,0.06834976127538214,-0.08
2014-05-12,1.24931001663208,0.20092799840975034,1.7191313609789063,0.38612578552674365,0.012260156996315654,0.08,0.0,0.19149099005929474,0.19792509761072907,-0.41443511290202323,-0.12736511299874545,-0.11023873396464659,-0.08
2014-05-13,1.2503600120544434,0.20077718421981125,1.7200792747721037,0.3871682894067072,0.012236238605745194,0.09,0.0,0.08401072718149821,-0.07508700586718513,0.05512391752611485,0.26962692339918953,-0.19528095937056494,-0.08
2014-05-14,1.2517399787902832,0.20127349280400736,1.7160757385516376,0.3889565568036234,0.012244110954881034,0.08,0.0,0.11030469452122876,0.24688869570874708,-0.23302429701529442,0.4608203358558124,0.06431566173278619,-0.09
2014-05-15,1.2500900030136108,0.2010114215498197,1.7151304619567753,0.38731254343478755,0.01227805306720911,0.09,0.0,-0.1319015303111756,-0.13029138399714082,-0.05509879404139636,-0.42356853474429107,0.2768282111925907,-0.08
2014-05-16,1.252079963684082,0.20127638473608997,1.7174130696751035,0.38788103858030737,0.01233588465805356,0.09,0.0,0.15905882625892234,0.13172819083476375,0.1329980542859242,0.14667181478906505,0.4699101615316159,-0.09
2014-05-19,1.2502299547195437,0.2008885675155393,1.7132305647281358,0.38939481765772227,0.01231244171844182,0.09,0.0,-0.14786412250542671,-0.19286481260611057,-0.24383220555184104,0.3895093303505122,-0.19021937897419688,-0.09
2014-05-20,1.2505600452423096,0.20081253358533918,1.7149989623436854,0.38892829906353565,0.012320788623076942,0.09,0.0,0.026398899922669503,-0.03785597345874897,0.10316682465003227,-0.11987788619724582,0.0677694710669781,-0.09
2014-05-21,1.2529699802398682,0.20118013773849897,1.7170794107331346,0.3898111602862269,0.012373545529429661,0.09,0.0,0.19252301489495882,0.18289102356824039,0.12123549745195134,0.22674120088186583,0.4272800901725825,-0.09
2014-05-22,1.2514400482177734,0.2010733011268934,1.7121905170392893,0.38879086051269024,0.012339184291180187,0.09,0.0,-0.12217905175511425,-0.05311905569734304,-0.2851275699462735,-0.262085206641218,-0.27808551011805355,-0.09
2014-05-23,1.2517399787902832,0.20107949601765027,1.7091867434286314,0.38986512757588154,0.012300299575470842,0.09,0.0,0.023963963495146956,0.0030808641896036696,-0.17558860971681295,0.27592871851427997,-0.31562956595385666,-0.09
2014-05-26,1.2528300285339355,0.20120611478200512,1.7074577254234669,0.3906548243928597,0.012287225174892362,0.09,0.0,0.08704486672686283,0.06294968805092241,-0.10121147626124545,0.20235154385097273,-0.10634988225548801,-0.09
2014-05-27,1.252910017967224,0.2011252997502795,1.7103873769894447,0.38916291123779045,0.01229621030178691,0.09,0.0,0.006384495744248637,-0.04017336449178545,0.17143271246609834,-0.38263171177651434,0.07309903697691514,-0.09
2014-05-28,1.2560299634933472,0.20131588973414863,1.712846005476834,0.3894183588960275,0.012316796883796591,0.09,0.0,0.24870639850901743,0.0947169440394192,0.1436436629026318,0.06561875483058628,0.1672821744627305,-0.09
2014-05-29,1.2555500268936155,0.20108104345472644,1.706722007997939,0.39080837607903196,0.012341983539392474,0.09,0.0,-0.03821790326490261,-0.11672370573244956,-0.35817413204004817,0.3563114646826184,0.2042815088377328,-0.09
2014-05-30,1.253909945487976,0.2013342826690293,1.7058837653807046,0.3905045029258437,0.012327073637832076,0.08,0.0,-0.13071191867610008,0.1258596436528052,-0.049126250716199166,-0.07778527058121,-0.12087939371813786,-0.09
2014-06-02,1.254349946975708,0.20108529972578748,1.709435885938859,0.38872875933377565,0.01231251672365597,0.09,0.0,0.03508420268308954,-0.12374297171674023,0.20801109129426504,-0.4557676762389799,-0.11815874903906949,-0.08
2014-06-03,1.2570199966430664,0.2015133363665495,1.7094172948009145,0.38927874669397355,0.012273189016949293,0.1,0.0,0.21263698565667735,0.21263698565667735,-0.0010875657398378132,0.14138358500461914,-0.3199236228174814,-0.09
2014-06-04,1.2565499544143677,0.20122185420981797,1.7115477479258345,0.3878001166118632,0.012254241692951768,0.09,0.0,-0.037400370256658905,-0.14475129784881643,0.1245527723161473,-0.3805615971505082,-0.15449908301084309,-0.1
2014-06-05,1.2578200101852417,0.20156080426576864,1.711156736485222,0.3894903206587481,0.012249783437791914,0.09,0.0,0.10102378701397999,0.16830423496559563,-0.022848098285695614,0.4348970808900146,-0.03638794186064832,-0.09
2014-06-06,1.252940058708191,0.2005731045612114,1.711760248356299,0.3903483259930251,0.012232995530953304,0.09,0.0,-0.3887235329591299,-0.4912302439731567,0.03526301572625648,0.2200469761714886,-0.137140554928024,-0.09
2014-06-09,1.2513699531555176,0.20052398982614947,1.7072361365720212,0.39140783299498144,0.012210869556639728,0.09,0.0,-0.12539228377966338,-0.02449019750813207,-0.2646457565556493,0.27105834433952697,-0.18103503907588217,-0.09
2014-06-10,1.2502000331878662,0.20066450143526432,1.6993571343446092,0.38998066353812627,0.01219945347614277,0.09,0.0,-0.09353486485150171,0.07004767979182078,-0.46257452240813884,-0.36529103004973146,-0.09353486485150171,-0.09
2014-06-11,1.249559998512268,0.20107168854833485,1.6920244134689426,0.38898020615147255,0.012212991007942209,0.09,0.0,-0.05120769045569443,0.20271375228828833,-0.43243334310927334,-0.25686988286200946,0.11090682209966396,-0.09
2014-06-12,1.2502599954605105,0.2010678472835865,1.6924910180843684,0.38985344208551065,0.012257450935887357,0.09,0.0,0.05600378973094061,-0.0019104138768690072,0.027572905357842722,0.2242420578344055,0.3633769832926055,-0.09
2014-06-13,1.2478200197219849,0.20098575148953532,1.6913630433972315,0.38776259939973046,0.012269617081277133,0.1,0.0,-0.19534814734729822,-0.0408382342268217,-0.06666804823264344,-0.5377583827714559,0.09920587637355216,-0.09
2014-06-16,1.2506599426269531,0.2017356118552507,1.6931470814897693,0.3877414048090848,0.012265339839771272,0.1,0.0,0.22733215161399833,0.3723970469672356,0.10542372112604206,-0.005466017076869228,-0.03486650955170257,-0.1
2014-06-17,1.2504899501800537,0.20114041316478593,1.6978127027681464,0.388266507360684,0.012275350117451629,0.1,0.0,-0.013593143509715204,-0.29547507746064694,0.2751801566154539,0.13533434994919408,0.08158106600097914,-0.1
2014-06-18,1.2530900239944458,0.2015651108430824,1.6976778321627106,0.3876175517609773,0.012264274471292923,0.1,0.0,0.20770854344586576,0.21092227964494858,-0.007944101396799002,-0.16728163013767203,-0.09026745189771239,-0.1
2014-06-19,1.2486900091171265,0.2007088520996157,1.6970508081211193,0.38825009798201165,0.012255275459781657,0.1,0.0,-0.3517511016814179,-0.42570989698646017,-0.03694104095868869,0.16305522246992699,-0.07340274956608997,-0.1
2014-06-20,1.2493000030517578,0.2008779225749942,1.7004682010108354,0.38770442933367544,0.012256450498492945,0.1,0.0,0.048838781883394536,0.08420122176808739,0.2011699733263138,-0.1406445143563417,0.009587564043342447,-0.1
2014-06-23,1.2494100332260132,0.20104755703534885,1.6983294843251144,0.38811197615695636,0.012241196971220277,0.1,0.0,0.008806958208752522,0.08441090651502482,-0.12585138428413195,0.10506270759028784,-0.12453056370226845,-0.1
2014-06-24,1.2482999563217163,0.20083661504913594,1.6979284337193263,0.38862424739417795,0.012253852190689172,0.1,0.0,-0.08888757958542229,-0.10497651822933791,-0.023617205602758602,0.13190354613634353,0.10332880339392564,-0.1
2014-06-25,1.249269962310791,0.2008117522185104,1.6997333228884486,0.38749068584979807,0.01225856066547543,0.1,0.0,0.0776759866148027,-0.01238039672683908,0.10624302642165769,-0.2921119802946976,0.038417065441860195,-0.1
2014-06-26,1.249169945716858,0.20068921293447978,1.7024926999783785,0.3880132860929701,0.012270824246260062,0.1,0.0,-0.008006323759487304,-0.06104059440489931,0.16221013397851544,0.1347769556797201,0.09999094433506175,-0.1
2014-06-27,1.249809980392456,0.20112808740346522,1.7013707854882225,0.38908225173965333,0.012296801043255154,0.1,0.0,0.05122367594118816,0.21844487190338965,-0.06592006615853231,0.2751183783439988,0.21147185671982052,-0.1
2014-06-30,1.249709963798523,0.20129016384427606,1.705157495878467,0.3890632148808939,0.012319331585458459,0.09,0.0,-0.008002864247502333,0.08055124193394152,0.22232088725981403,-0.004892879180004715,0.1830551438329797,-0.1
2014-07-01,1.246709942817688,0.2012835332665093,1.7071903800484023,0.38880708624766863,0.012308321962178721,0.1,0.0,-0.24034597841883437,-0.0032940938838971023,0.119148720139242,-0.06585381704636104,-0.0894086315763461,-0.09
2014-07-02,1.245319962501526,0.20118254458639234,1.7037006251258762,0.3886887618523737,0.012264328848465606,0.1,0.0,-0.11155407544183112,-0.050184941188204164,-0.20462431282020133,-0.030437306256369617,-0.3580660552706857,-0.1
2014-07-03,1.247349977493286,0.20116600778507426,1.7030064034797476,0.39048019951807256,0.012249336689227936,0.09,0.0,0.16287879979474795,-0.008220137107455701,-0.0407561701026118,0.45983372314145077,-0.12231676314432131,-0.1
2014-07-04,1.2469700574874878,0.2010593403916815,1.6971352433743618,0.3919194332985863,0.012203660733638932,0.09,0.0,-0.030462811781005152,-0.05303862443122204,-0.34534831488791073,0.3679028832614008,-0.37358208420514966,-0.09
2014-07-07,1.2455099821090698,0.2010800603142317,1.6924529273634903,0.3906869498956769,0.01219772769233344,0.1,0.0,-0.11715845440943126,0.010304845798333843,-0.2762765712712558,-0.31496917180485917,-0.048628719963281775,-0.09
2014-07-08,1.2463300228118896,0.2012221945071882,1.6957793542215711,0.3931640355885975,0.012242927165515139,0.09,0.0,0.06581808870585998,0.07066040379685118,0.19635182303682025,0.6320318490836738,0.3698716337501471,-0.1
2014-07-09,1.2426700592041016,0.20070580985030093,1.6921579647648741,0.391885858627933,0.012247881632341535,0.09,0.0,-0.29409129169111636,-0.2569539496673218,-0.21378145431579393,-0.32562977194369835,0.04045980624713321,-0.09
2014-07-10,1.2411600351333618,0.2005137483465462,1.6933068097930715,0.3906089792000706,0.012223962085663818,0.09,0.0,-0.12158836952768069,-0.09573886142942224,0.06786926751857637,-0.32636140188788576,-0.19548632764010407,-0.09
2014-07-11,1.2417000532150269,0.2005070475696805,1.6893419245160144,0.3901036817430398,0.01225970881968217,0.09,0.0,0.04349967947969809,-0.0033418600404609457,-0.23442499675460104,-0.12944519869244403,0.29200490038151394,-0.09
2014-07-14,1.241260051727295,0.2004101033488463,1.6885823082369598,0.39012479339666634,0.012244845793586083,0.09,0.0,-0.035441688447738505,-0.048361225006987744,-0.044975330381527456,0.005411659354754303,-0.12130828862896685,-0.09
2014-07-15,1.240939974784851,0.20027758230541035,1.6903775429359342,0.38916799638592514,0.01222360141665356,0.09,0.0,-0.025789778486758595,-0.06614680361414342,0.10625961520492958,-0.24555533018033154,-0.17364716353453763,-0.09
2014-07-16,1.2437100410461426,0.2006631252390725,1.6879656728698933,0.3903672312008341,0.012234015308320287,0.09,0.0,0.22297445445576,0.19231923585726787,-0.1427842182831045,0.30767968362010134,0.08515868421014633,-0.09
2014-07-17,1.241960048675537,0.20051018652463068,1.6803681521434441,0.39113157638063417,0.01222040816924029,0.09,0.0,-0.14080651064487507,-0.07624571095150048,-0.45111524009100645,0.1956101317378528,-0.11128571889496,-0.09
2014-07-18,1.2436200380325315,0.2007846626541456,1.6812264827399444,0.39081738962342355,0.012285093320085835,0.09,0.0,0.13356959308356361,0.1367952630734033,0.05106687202831624,-0.08035991804527479,0.527924728309257,-0.09
2014-07-21,1.2408100366592407,0.20019523165915637,1.6790847987390976,0.39081861324480555,0.012244030802232294,0.1,0.0,-0.22620902879570579,-0.293995498478916,-0.12746939860262407,0.0003130923799620282,-0.33480654267504545,-0.09
2014-07-22,1.2396199703216553,0.19996128721807468,1.676838952030039,0.39018569482542387,0.012225048833014902,0.09,0.0,-0.09595646122247552,-0.11692648086392349,-0.13384374682613384,-0.16207812207805383,-0.15515069065196782,-0.1
2014-07-23,1.2395199537277222,0.20014855252623606,1.6693870614749926,0.3913614293672181,0.012215629632561988,0.09,0.0,-0.008068652601420805,0.09360695650720537,-0.4453914854397414,0.30087384172876774,-0.07707806419950522,-0.09
2014-07-24,1.2371599674224854,0.19990304999193304,1.6655805074840657,0.38901953604864514,0.012186367300347825,0.09,0.0,-0.19057666671916476,-0.1227354489153008,-0.22828141895168125,-0.6001941237886643,-0.23983566854225638,-0.09
2014-07-25,1.2402100563049316,0.20052873281760977,1.669911694105508,0.3907896623878384,0.012187598567899097,0.09,0.0,0.24623616127974585,0.31250433243973835,0.2597031438845166,0.45399038201666486,0.010103136756441672,-0.09
2014-07-28,1.2412999868392944,0.20080235869195884,1.666935140352777,0.391071490272017,0.012199628302369935,0.09,0.0,0.087844142115157,0.13635919196681412,-0.17840522444633874,0.07209154603108925,0.09865603424731839,-0.09
2014-07-29,1.2417199611663818,0.2010068809669293,1.6687542218362523,0.3912038031598856,0.012196444268174608,0.09,0.0,0.033827704963026894,0.10180069169487267,0.10906780975610832,0.033827704963026894,-0.026102842612869104,-0.09
2014-07-30,1.2425600290298462,0.2013710508021498,1.666411891311114,0.3901409812927993,0.012172891501090678,0.09,0.0,0.06763069370597487,0.18100890028960517,-0.14046262349680697,-0.2720495596152653,-0.19329845212473207,-0.09
2014-07-31,1.2446600198745728,0.2020060090072423,1.6673499341796116,0.3892603670326345,0.012102878881725388,0.08,0.0,0.16886252944559924,0.3148214377032047,0.0562753395327301,-0.22597205837091963,-0.5768122896068646,-0.09
2014-08-01,1.2475600242614746,0.20239455180285676,1.670473932584741,0.38797114657715565,0.012138985846502135,0.09,0.0,0.23272469079226332,0.19215745615798935,0.18718778713426848,-0.3317471346162297,0.29788955496691605,-0.08
2014-08-04,1.2467299699783323,0.2020697606802623,1.6742270357865576,0.38962746556983285,0.012155747462013703,0.09,0.0,-0.06655635998222664,-0.1606031396998198,0.22442094599835266,0.4260093759850557,0.1379856115992438,-0.09
2014-08-05,1.246000051498413,0.20199401188069338,1.6723934998315144,0.39093876266205946,0.012151119089966547,0.09,0.0,-0.058563783040459186,-0.03749348771170358,-0.10957538322530715,0.33598643609406054,-0.03808283633101443,-0.09
2014-08-06,1.2478100061416626,0.20254354824378223,1.6686190485184795,0.3894294971296686,0.0121631953133686,0.09,0.0,0.14515579929638606,0.2716863674890029,-0.22594664726252592,-0.3868090213231112,0.09933427852192031,-0.09
2014-08-07,1.248129963874817,0.20284901489300494,1.670364878364012,0.3890436919401856,0.012223027200820672,0.09,0.0,0.025638255627184595,0.15070168267084105,0.10457253121653076,-0.09911843503050734,0.4907033672375897,-0.09
2014-08-08,1.2523200511932373,0.20355976555061045,1.6728827789565912,0.39212199697073963,0.012262139824500539,0.09,0.0,0.3351469707623268,0.3497716665673969,0.15062605745770954,0.7881352211176785,0.3194804177339031,-0.09
2014-08-11,1.2505500316619873,0.2034671821657229,1.676385420828069,0.39095571661975864,0.012241692003381714,0.09,0.0,-0.1414392092064595,-0.045492509527303084,0.20915871405169048,-0.297871129028394,-0.16689492491393892,-0.09
2014-08-12,1.2496099472045898,0.20340359362994906,1.6725916215859795,0.39172724915040025,0.012226504816957987,0.09,0.0,-0.07520194784716738,-0.03125736232455206,-0.22656475794784986,0.19715077861302963,-0.12413819036658483,-0.09
2014-08-13,1.2505500316619873,0.20340762520659972,1.6715007579212509,0.39189910299025166,0.012226492051576325,0.09,0.0,0.07520194784716368,0.0019820380875053586,-0.0652412421443043,0.0438611698386837,-0.0001044075025251521,-0.09
2014-08-14,1.248810052871704,0.2032700787011054,1.6693982363538282,0.3933755741636442,0.012194458322136606,0.09,0.0,-0.13923396489728537,-0.06764398904461243,-0.12586563368698683,0.37603986380719634,-0.26234644698392573,-0.09
2014-08-15,1.246150016784668,0.2028734281257928,1.665352545519454,0.395076401731441,0.012158035338649653,0.09,0.0,-0.21323283905665624,-0.19532539348961256,-0.24263839092432182,0.43143533354247626,-0.29913167130748164,-0.09
2014-08-18,1.2447799444198608,0.202822078353638,1.6668183491877215,0.395343932002775,0.012154866711331017,0.09,0.0,-0.11000489972073596,-0.02531443982440104,0.08797890679278968,0.06769316783289499,-0.026065397952592738,-0.09
2014-08-19,1.2446999549865725,0.2029512434191923,1.6630590192775687,0.39445412155501963,0.012130396136660814,0.09,0.0,-0.006426196358116694,0.06366365800126797,-0.22579399127035504,-0.22532616286529086,-0.20152619393244642,-0.09
2014-08-20,1.2472100257873535,0.20341689876117064,1.6615289474643191,0.39290868642649956,0.012119424559369306,0.09,0.0,0.2014576504831928,0.22917915921936194,-0.09204580757582354,-0.3925603540061796,-0.09048791063380435,-0.09
2014-08-21,1.250849962234497,0.20405382363497393,1.6586883043238743,0.39531317095723906,0.012062082387546417,0.09,0.0,0.2914212661546106,0.3126238807046442,-0.1711119254027732,0.610105382562728,-0.474265556987909,-0.09
2014-08-22,1.2494699954986572,0.20344704001868372,1.6592125307985839,0.3952142984483298,0.012031603648068543,0.09,0.0,-0.11038322289031051,-0.2978074987669306,0.03159988831024924,-0.0250143134176417,-0.2530020163016206,-0.09
2014-08-25,1.2506099939346311,0.2036326621690838,1.650643352009652,0.3956374529111994,0.012001900530267135,0.09,0.0,0.09119696328137883,0.09119696328137883,-0.517798855202386,0.10701234524016602,-0.24718104113706152,-0.09
2014-08-26,1.25068998336792,0.2035495669205209,1.6495297871813361,0.39590071897641593,0.01201777637201359,0.09,0.0,0.00639582889232628,-0.04081477224691795,-0.06748523932601971,0.06652012101868222,0.13219032148405427,-0.09
2014-08-27,1.249150037765503,0.2033585168599265,1.6451555070676704,0.3970219009696406,0.012000673279981564,0.09,0.0,-0.12320354776226881,-0.09390330752740615,-0.2655356911645551,0.2827975169926642,-0.1424163105495809,-0.09
2014-08-28,1.247230052947998,0.2033538369248438,1.6452052817661524,0.3953686966659716,0.012006681614339895,0.09,0.0,-0.15382154370011603,-0.002301348871937265,0.0030254857555218387,-0.41727065094638843,0.050054114751286745,-0.09
2014-08-29,1.2493000030517578,0.20370792822624323,1.647196893960654,0.39491069232880044,0.0120477165304972,0.07,0.0,0.16582620931158515,0.17397428155838515,0.12098233029410274,-0.11590948589236037,0.3411846408832553,-0.09
2014-09-01,1.249119997024536,0.20365865661504853,1.6398245429650442,0.3956542434406948,0.011991398565848422,0.07,0.0,-0.014409589062520491,-0.024190305866232716,-0.44857409659160263,0.18810632688102955,-0.4685535840890689,-0.07
2014-09-02,1.249559998512268,0.20377690879501725,1.6409192070497625,0.3929063294536494,0.01197584859468215,0.09,0.0,0.03521871492676559,0.058047059868266596,0.06673268068174383,-0.6969471222585624,-0.12976019518638932,-0.07
2014-09-03,1.253489971160889,0.20420800270458642,1.646080037750153,0.3941048857369602,0.011911114693281476,0.09,0.0,0.3140149757727865,0.21132843782008462,0.3140149757727643,0.3045845311420606,-0.5420032600449386,-0.09
2014-09-04,1.2514599561691284,0.20411670334594845,1.6457916494637743,0.3938009145268026,0.011933326944040196,0.09,0.0,-0.16208032056982496,-0.04471899878043202,-0.017521235000539325,-0.07715928100459025,0.18630972804236662,-0.09
2014-09-05,1.2557599544525146,0.20490159738810945,1.6240444504004758,0.39547759291007856,0.011893693486970443,0.09,0.0,0.3430096004868866,0.38379456576796195,-1.3301902029149983,0.42486419929457064,-0.33267687613519903,-0.09
2014-09-08,1.2537699937820437,0.20451350241393718,1.6240543155521439,0.3950001652502716,0.011920231889563392,0.09,0.0,-0.15859233630256714,-0.18958513772575739,0.000607441606853054,-0.12079472519776954,0.2228814708989174,-0.09
2014-09-09,1.2587499618530271,0.20532582901064741,1.6226649937016189,0.3931873385094705,0.011857101718453502,0.09,0.0,0.39641273942584143,0.39641273942584143,-0.08558312579504776,-0.4599996647411212,-0.5310126063164894,-0.09
2014-09-10,1.2618800401687622,0.20597078486157053,1.6331211656203946,0.39476928369184877,0.01189073082277372,0.09,0.0,0.24835695219966678,0.31362105002028995,0.6423153951878372,0.40153157248726923,0.28321849365282153,-0.09
2014-09-11,1.2627999782562256,0.2063600962869133,1.6311662657729187,0.39562642074324533,0.011821092438403168,0.09,0.0,0.07287562158082705,0.18883453014426263,-0.11977499667365395,0.21688816945437459,-0.5873743559806353,-0.09
2014-09-12,1.2635400295257568,0.2064607929989084,1.6329447614110677,0.395313336596487,0.011797208252866927,0.09,0.0,0.05858683220940525,0.04878469893635629,0.10897275241775971,-0.0791676382948667,-0.20225158439726626,-0.09
2014-09-15,1.264490008354187,0.20645745816454092,1.6387894566386054,0.3920534460328585,0.011781328489536294,0.09,0.0,0.07515566341466572,-0.00161525161852345,0.35728461148819063,-0.8280535227903909,-0.13469678720980405,-0.09
2014-09-16,1.2638100385665894,0.20610079009398016,1.6353438621363807,0.39144212002454637,0.01179609506250609,0.09,0.0,-0.05378869527926939,-0.17290560105160563,-0.21047376137325324,-0.15605094881296236,0.1252602929064655,-0.09
2014-09-17,1.2603600025177002,0.20540083121871097,1.6333101269399606,0.3917446388980738,0.0117625756842691,0.09,0.0,-0.2733602048296381,-0.34019771203541865,-0.12443871181551588,0.07725332052065001,-0.28456105368482637,-0.09
2014-09-18,1.268970012664795,0.20704355913920353,1.630626726463845,0.3931012014875145,0.011693851839597664,0.09,0.0,0.6808161333089583,0.7965857436685706,-0.16442726689976406,0.34568927311797354,-0.585971936647273,-0.09
2014-09-19,1.2675199508666992,0.20675637941320366,1.6376438549383463,0.3915845145557304,0.011649999221633485,0.09,0.0,-0.11433610831607091,-0.13880126377530294,0.42940993300862396,-0.3865723026510078,-0.37571066945116216,-0.09
2014-09-22,1.2662999629974363,0.20653715096514197,1.626109140026841,0.3900988826401216,0.011623829030833005,0.09,0.0,-0.09629634346640514,-0.10608850732426384,-0.7068404351905164,-0.38011136214385,-0.2248895329664238,-0.09
2014-09-23,1.26882004737854,0.20696844964333466,1.6306226361953693,0.39122472325339025,0.011667310780492322,0.09,0.0,0.1988138787026493,0.2086060425605011,0.2771796615977707,0.28818824465944887,0.3733763184319441,-0.09
2014-09-24,1.268049955368042,0.2069339661696027,1.6299470707353976,0.3910716821160187,0.011682574095807939,0.09,0.0,-0.060711982349793775,-0.01666261055473044,-0.04143849267830398,-0.03912612617761343,0.13073569801701107,-0.09
2014-09-25,1.2680200338363647,0.20696962060133348,1.620286534709109,0.38999201458346777,0.011599582969454715,0.09,0.0,-0.0023596771229520645,0.01722837537946105,-0.5944535468685556,-0.2764609915369333,-0.712919147696301,-0.09
2014-09-26,1.2694300413131714,0.20722005490243636,1.6194188306449036,0.38958693088026974,0.01168796643199892,0.09,0.0,0.11113579224612637,0.12092736561657119,-0.053566851741105224,-0.10392372498338288,0.7590655881712767,-0.09
2014-09-29,1.2753599882125854,0.208490957780839,1.616282425743094,0.38878184780211056,0.011656597160504994,0.08,0.0,0.4660469086878206,0.6114376569687363,-0.19386251298106016,-0.20686424926243965,-0.26875028312651933,-0.09
2014-09-30,1.2742700576782229,0.20753584452561036,1.6171555603413028,0.3882010804483476,0.011648871604242892,0.07,0.0,-0.0854971569316099,-0.459160288699073,0.054006578953347185,-0.14949297875299247,-0.06629822916727647,-0.08
2014-10-01,1.27593994140625,0.20819775550021957,1.611299823562149,0.38983805092046836,0.011635417643589987,0.09,0.0,0.13096050656924857,0.318430617045183,-0.3627581926529177,0.42079448746984066,-0.1155625753226472,-0.07
2014-10-02,1.2722899913787842,0.20760218561581825,1.6061631916775525,0.39136546174430226,0.011670244272197938,0.09,0.0,-0.28646963734401926,-0.28646963734401926,-0.3192972987907096,0.39104093758227193,0.2988686153357919,-0.09
2014-10-03,1.2720199823379517,0.20755812768296278,1.6117228104225063,0.3906695227103213,0.011721201510974825,0.09,0.0,-0.021224539826932887,-0.021224539826932887,0.34554513573270007,-0.1779816073521115,0.4356919179620794,-0.09
2014-10-06,1.2814899682998655,0.20908629943178653,1.6036062786564995,0.3932036402379108,0.01167091624474151,0.09,0.0,0.7417264519443079,0.7335648827462218,-0.5048658337166392,0.646565407652734,-0.4299340847706252,-0.09
2014-10-07,1.2756999731063845,0.20814161106224832,1.6132581430560153,0.3904685916315527,0.011717860321204332,0.09,0.0,-0.45284122185150755,-0.45284122185150755,0.6000808301243516,-0.6980111326816687,0.40142449836271077,-0.09
2014-10-08,1.27524995803833,0.2080681871669424,1.615487769613992,0.38998469892253756,0.011800003466238029,0.09,0.0,-0.03528215644128184,-0.03528215644129295,0.13811101726143477,-0.12400300617026291,0.698562418912025,-0.09
2014-10-09,1.2729300260543823,0.20768966996785687,1.6221042656770521,0.3914780463314841,0.011772545608294755,0.08,0.0,-0.18208546016452903,-0.18208546016451793,0.408730019237318,0.38219332548206036,-0.23296479540558518,-0.09
2014-10-10,1.272089958190918,0.20785103845036107,1.6141634868930625,0.3893755658974876,0.011797180159414227,0.09,0.0,-0.06601660491269021,0.07766675435004487,-0.4907378083123358,-0.5385095187958289,0.2090356106175853,-0.08
2014-10-13,1.2745599746704102,0.2082240096247709,1.6110220028577942,0.39119731188012524,0.01187426638385114,0.09,0.0,0.19398168724745213,0.17928076967572024,-0.1948095722721075,0.4667723776036777,0.6513036437662492,-0.09
2014-10-14,1.271090030670166,0.2078472792445895,1.6173274061335974,0.3889980436776758,0.011872355422896464,0.09,0.0,-0.2726176923008257,-0.18108939175171174,0.39062756194108506,-0.5637752165412594,-0.016094592101163596,-0.09
2014-10-15,1.276129961013794,0.20867140325172456,1.612904361824178,0.3895985156396543,0.011891551199745255,0.09,0.0,0.395720584556508,0.395720584556508,-0.2738532335378222,0.15424473017342166,0.16155408560256498,-0.09
2014-10-16,1.272670030593872,0.20809202608582025,1.6317747029096097,0.388127482027173,0.012008586434061566,0.09,0.0,-0.27149502170144335,-0.2780366502223122,1.1631692050698716,-0.3782914216974879,0.9793765340483828,-0.09
2014-10-17,1.274250030517578,0.20843898753240797,1.631603864466342,0.3892028277288823,0.011975471501678242,0.09,0.0,0.12407143439754681,0.16659577101864345,-0.0104700352653982,0.2766768191576672,-0.27614137286480517,-0.09
2014-10-20,1.2741299867630005,0.20839548893630916,1.6244613267944743,0.38938021663579025,0.011891753342702267,0.09,0.0,-0.009421181601818249,-0.020870920575094758,-0.43872273488406494,0.04556711355616252,-0.7015352884290789,-0.09
2014-10-21,1.270110011100769,0.20775157965573754,1.62513756476514,0.38930574483899605,0.011880179287197205,0.09,0.0,-0.3160062738495367,-0.30946261216153315,0.04161978157880636,-0.019127556089549518,-0.0973758137363538,-0.09
2014-10-22,1.2715799808502195,0.20808050534282332,1.6167783124626565,0.390162927289465,0.011881592739867247,0.09,0.0,0.11566870216258254,0.15820123917991114,-0.5156994286681437,0.21994028154354622,0.011896862490734648,-0.09
2014-10-23,1.2730400562286377,0.20841150772901929,1.6093040561808039,0.3888688812883474,0.011881136605876502,0.09,0.0,0.11475784340122931,0.15894780475755743,-0.4633650850104894,-0.3322193463897913,-0.003839070707446615,-0.09
2014-10-24,1.2759300470352173,0.20884361426882236,1.6145698572979796,0.3894304762157026,0.01179658111810082,0.09,0.0,0.2267576258518225,0.2071187010026635,0.32667566669275877,0.14431337233082395,-0.7142229517433772,-0.09
2014-10-27,1.275570034980774,0.2088667342780025,1.6169994783943338,0.38951081310649843,0.01178878388539536,0.09,0.0,-0.028219639056257906,0.011069876187746462,0.15036790498724686,0.02062720058158972,-0.06611924800287661,-0.09
2014-10-28,1.2746000289916992,0.2087284038219124,1.6189302713274856,0.38945246919273224,0.01181903323886938,0.09,0.0,-0.07607383127571511,-0.06625099218308486,0.11933467730260724,-0.014979888064319886,0.25626570952566907,-0.09
2014-10-29,1.2725800275802612,0.20850687461775994,1.6210590317243145,0.38874022120430796,0.01177094155438611,0.09,0.0,-0.1586069135307759,-0.10618911507076492,0.1314054155142653,-0.18305188318954668,-0.4077304153937003,-0.09
2014-10-30,1.2784299850463867,0.2095374620246556,1.6150153798608926,0.38868687835186655,0.01174530967753286,0.09,0.0,0.4586393382743795,0.4930527240143711,-0.3735179183962322,-0.013722920787184656,-0.217992967934288,-0.09
2014-10-31,1.2773499488830566,0.20924727450198655,1.6111677400337499,0.3882758759136281,0.011695951753594854,0.07,0.0,-0.08451715370971455,-0.13858555186143418,-0.23852593038910866,-0.105797214684608,-0.42112065536113436,-0.09
2014-11-03,1.2867799997329712,0.2108542039600603,1.6088772043179629,0.386211659139429,0.011403478884060196,0.09,0.0,0.7355394269477445,0.7650233944533561,-0.14226733736383265,-0.533054844299098,-2.5324303848836762,-0.07
2014-11-04,1.2902400493621826,0.21122734724981995,1.6122760358037738,0.3865424605292208,0.011352949630140727,0.1,0.0,0.26853122152457515,0.1768110384832323,0.21103204311136836,0.08561621389749628,-0.44408846432514276,-0.09
2014-11-05,1.2883100509643557,0.21101502982487466,1.6171594552263286,0.3846505498085064,0.011352749496421656,0.09,0.0,-0.14969643273512526,-0.1005666197270006,0.30243199830470135,-0.49064617825642554,-0.0017628500929302386,-0.1
2014-11-06,1.2937099933624268,0.21194462220811222,1.6145541148067935,0.3866206435634393,0.01128350274419985,0.09,0.0,0.41827330370379867,0.4395662212959085,-0.16123588477143627,0.5108703803868843,-0.611823613679313,-0.09
2014-11-07,1.295590043067932,0.21232218827455748,1.603949322477234,0.38737928477991995,0.011248784598514514,0.09,0.0,0.14521685470513593,0.17798524739146862,-0.6589914172229475,0.19603140301280847,-0.30816377079094087,-0.09
2014-11-10,1.2883700132369995,0.21076593176114677,1.6054855727816886,0.3868979107372275,0.011248898094926156,0.09,0.0,-0.5588359311738299,-0.7356687453668939,0.09573339057622494,-0.12434154266709047,0.0010089609066795146,-0.09
2014-11-11,1.290429949760437,0.21121695134848253,1.6039949293962934,0.38560585108345985,0.011245283071397633,0.09,0.0,0.15975934474384318,0.21376211080118135,-0.09289001703345427,-0.3345125091826072,-0.03214185511280192,-0.09
2014-11-12,1.291599988937378,0.21123558414715515,1.611378075912512,0.38721670102326433,0.011161327515695603,0.09,0.0,0.09062941056500927,0.008821250729542868,0.4592412438655756,0.4168750687351259,-0.749385528635911,-0.09
2014-11-13,1.290619969367981,0.2110166403398687,1.6042311223698391,0.3868996928747236,0.011167430758639876,0.09,0.0,-0.07590520035281215,-0.10370286488080882,-0.44451703365337203,-0.0819019384578691,0.05466710706687842,-0.09
2014-11-14,1.292389988899231,0.21135441778929814,1.6123835407368716,0.3860761630357126,0.011158222966069468,0.09,0.0,0.1370509472978606,0.1599434975179824,0.506895396356715,-0.21308043305755778,-0.08248621255194831,-0.09
2014-11-17,1.2989599704742432,0.2122656976003937,1.626098405239901,0.3873214659831769,0.01111209903762569,0.1,0.0,0.5070712760035736,0.43023510152391486,0.8469984841346077,0.3220346111633266,-0.4142193757660975,-0.09
2014-11-18,1.2983700037002563,0.21234974594887657,1.6163355398084605,0.3863966524049753,0.01113085714262355,0.11,0.0,-0.045428712562454704,0.03958798524990524,-0.602195455648972,-0.23905709240918563,0.1686656152427356,-0.1
2014-11-19,1.2982800006866455,0.21243925228175783,1.6271823945116068,0.38622043466015304,0.011108848061273824,0.1,0.0,-0.006932240655826876,0.042141550077202966,0.6688352189244974,-0.045615803954645325,-0.19792608159992794,-0.11
2014-11-20,1.302299976348877,0.21315983157138899,1.6331828398932657,0.3874624356489371,0.011022615257303501,0.1,0.0,0.3091601796245988,0.33861913970224833,0.36808466077091373,0.32106231204963875,-0.7792818678477366,-0.1
2014-11-21,1.3005800247192385,0.2127390201294929,1.63157830210605,0.38695071280495275,0.010999864880813458,0.1,0.0,-0.13215760075503785,-0.19761104175557725,-0.09829435273309163,-0.13215760075502675,-0.20661055830598898,-0.1
2014-11-24,1.2985999584197998,0.21236650388435632,1.6070190894793939,0.3863616002156415,0.011029011432168927,0.1,0.0,-0.15236087499323298,-0.1752582920915046,-1.516686419622097,-0.15236087499323298,0.2646214718306065,-0.1
2014-11-25,1.3031100034713743,0.21252018122253744,1.6201789859778157,0.3877034362536553,0.01100097909133471,0.1,0.0,0.34669887383304465,0.07233803753761746,0.8155662673728944,0.34669887383304465,-0.25449267382980933,-0.1
2014-11-26,1.2994199991226196,0.2120982570168184,1.6217612340753362,0.3877014039849821,0.011030636170483263,0.1,0.0,-0.2835707421439611,-0.19873105196793087,0.09761119056811923,-0.0005241826121607475,0.2692230842746143,-0.1
2014-11-27,1.298069953918457,0.21178802541285144,1.6233585217690916,0.3873910527146404,0.011035194969204501,0.1,0.0,-0.10394999404321315,-0.14637494640289808,0.0984424577781359,-0.08008110109827005,0.041319982530829504,-0.1
2014-11-28,1.300029993057251,0.21210781774583318,1.6200962476374343,0.3828685066219699,0.011032162537832967,0.08,0.0,0.15088253343911445,0.15088253343911445,-0.20116051948738503,-1.1743049492929754,-0.027483412000325093,-0.1
2014-12-01,1.306839942932129,0.21307635606296968,1.625483565501554,0.3814811461268516,0.010994413450492312,0.13,0.0,0.5224629945400434,0.45558609752457335,0.33197906827719686,-0.36301763563378914,-0.3427598035968933,-0.08
2014-12-02,1.30594003200531,0.2126245506070008,1.628516533321914,0.3812184520963916,0.011038476238525566,0.12,0.0,-0.06888532299209649,-0.21226434735202612,0.18641478835636657,-0.06888532299209649,0.39997337977657094,-0.13
2014-12-03,1.3106600046157837,0.21347992091936097,1.6237116121969564,0.3825962647129014,0.01099602330596513,0.12,0.0,0.3607718156282761,0.4014843863383605,-0.295485089360403,0.3607718156282761,-0.3853319654788492,-0.12
2014-12-04,1.3119900226593018,0.21367219197304202,1.615930490812616,0.38298451180494564,0.01094592921793757,0.12,0.0,0.10142551569621931,0.09002463565708062,-0.4803701211258953,0.10142551569621931,-0.45660635722365855,-0.12
2014-12-05,1.3116999864578247,0.2134719924321908,1.6247584073290258,0.3749749780109793,0.010947985387224324,0.12,0.0,-0.02210902977491153,-0.09373863103835178,0.544818625314667,-2.1135250771259986,0.018783021034645013,-0.12
2014-12-08,1.3219200372695925,0.21528940548187991,1.6251783152820993,0.3796002928610532,0.010874540928359658,0.12,0.0,0.7761257904971081,0.8477553917605419,0.025840992686947357,1.2259539794438181,-0.6731093834127082,-0.12
2014-12-09,1.3186999559402466,0.21397045807005288,1.6239947548548201,0.3791437660373525,0.010929962198611254,0.12,0.0,-0.24388839997838327,-0.6145235902699436,-0.07285302777533233,-0.12033751656791726,0.5083481084389473,-0.12
2014-12-10,1.3157000541687012,0.21297225810923398,1.6308040036233251,0.3840675113566711,0.01102461851270218,0.12,0.0,-0.22774848593422464,-0.46760454825792197,0.4184135000594746,1.2902884890597024,0.8622975027814176,-0.12
2014-12-11,1.3089900016784668,0.21227093591564314,1.63282888202707,0.37492909859300744,0.011120560074004006,0.12,0.0,-0.5113035799227891,-0.32984552806453155,0.1240874040991696,-2.40814102837802,0.8664835209592244,-0.12
2014-12-12,1.313639998435974,0.21261127660561327,1.628250574271419,0.3759702387556706,0.011038341918247707,0.12,0.0,0.3546059970285221,0.16020475921667496,-0.2807849869934335,0.2773050335934186,-0.7420812916361947,-0.12
2014-12-15,1.3110699653625488,0.21225371698927997,1.634057899640709,0.37496638342371397,0.011095247790839471,0.11,0.0,-0.1958337439359295,-0.1683168564787726,0.3560258969947568,-0.26736102629336245,0.514204868938205,-0.12
2014-12-16,1.311460018157959,0.21219319014357038,1.63192021938562,0.37534631766116694,0.011138516303335004,0.12,0.0,0.02974629847797446,-0.028520337928114398,-0.13090599400548097,0.10127358083540676,0.38921495194892947,-0.11
2014-12-17,1.3025100231170654,0.21077918948255975,1.6297062347845497,0.37626311846298016,0.011169509700518146,0.13,0.0,-0.6847844369955545,-0.6686043801649308,-0.13575956488106528,0.24395682450059414,0.27786785903509165,-0.12
2014-12-18,1.3120800256729126,0.21207048142057555,1.618972507530714,0.3779576713094019,0.011044816761201346,0.13,0.0,0.7320493932102644,0.6107588776433265,-0.6608081108728183,0.44935268842674514,-1.1226471273349181,-0.13
2014-12-19,1.3140900135040283,0.21179627230094575,1.615075491306328,0.38057575923292863,0.011048529270643554,0.13,0.0,0.1530737304597358,-0.12938460281458836,-0.24099939839891082,0.6903053219698141,0.0336074895291938,-0.13
2014-12-22,1.3153599500656128,0.2118166106943475,1.6081571712348364,0.3754416885384325,0.011007472421281347,0.13,0.0,0.09659333152709161,0.009602348858515138,-0.4292790139632545,-1.3582092937880907,-0.37229682295112904,-0.13
2014-12-23,1.3194400072097778,0.2124154877966117,1.6128495816337107,0.37830152288351554,0.01098160624596901,0.13,0.0,0.30970551628704573,0.28233483614902877,0.29136317173393445,0.7588388260186906,-0.23526394747447643,-0.13
2014-12-24,1.3252999782562256,0.21321127916004734,1.613543364313756,0.37919886170303047,0.010981025366203346,0.13,0.0,0.4431422875784072,0.3739390247582544,0.04300670763678175,0.23692113100298814,-0.005289710049855258,-0.13
2014-12-25,1.3216400146484375,0.21298568089939515,1.612208327424014,0.3789322951504259,0.010971700069454289,0.13,0.0,-0.27654317438985226,-0.10586573948850322,-0.08277369701991204,-0.07032201781445396,-0.08495799154683618,-0.13
2014-12-26,1.322540044784546,0.2131307230661307,1.6148230709130473,0.379157714834405,0.010987289313010337,0.13,0.0,0.06807631482256707,0.06807631482256707,0.1620525950008637,0.05947042901339029,0.14198509688666183,-0.13
2014-12-29,1.3234399557113647,0.21327574602198324,1.6105532326174625,0.3784176335811824,0.010989835216702257,0.13,0.0,0.06802099496959604,0.06802099496957385,-0.26476543436088684,-0.19538161852875932,0.023168669767205812,-0.13
2014-12-30,1.3238999843597412,0.21310260990530264,1.6089984160955453,0.3784734190199824,0.010974699439862613,0.13,0.0,0.03475402958597202,-0.08121243669603898,-0.09658591086188723,0.014740678650980683,-0.13782016757556717,-0.13
2014-12-31,1.3213399648666382,0.2133947001920979,1.6070199580979505,0.3779576502867331,0.01106112577509489,0.06,0.0,-0.19355675413070564,0.13697171144879636,-0.12303774524783564,-0.13636901870017795,0.7844206200683306,-0.13
2015-01-01,1.3238999843597412,0.21366665065948068,1.6017373794038292,0.3784734190199824,0.011062645900468189,0.06,0.0,0.19355675413070492,0.1273589865249213,-0.3292603902985576,0.1363690187001705,0.013742009255762537,-0.06
2015-01-02,1.3237799406051636,0.21364727657739274,1.6003722958513578,0.37554039852222415,0.011043463003865741,0.12,0.0,-0.009067844910404644,-0.009067844910415747,-0.08526151653807074,-0.7779791889664753,-0.17355294412481814,-0.06
2015-01-05,1.3342499732971191,0.21533705438841622,1.5939527364849937,0.3756863135252242,0.011078682052069855,0.12,0.0,0.7878080519922167,0.7878080519922167,-0.40193580451805805,0.038847128967869446,0.31840563263566196,-0.12
2015-01-06,1.3343000411987305,0.21491851202592205,1.5930228724732842,0.373701184620856,0.011172702592441686,0.12,0.0,0.0037524424384115904,-0.19455529559028906,-0.05835401033393782,-0.5298016186965886,0.8450808920178897,-0.12
2015-01-07,1.3340200185775757,0.21509512870335892,1.5841963213068908,0.3732568726125621,0.01124114211055213,0.12,0.0,-0.020988683209637257,0.0821446906050353,-0.5556163006103332,-0.11896573211671593,0.6106915767305542,-0.12
2015-01-08,1.3372600078582764,0.2155480349259392,1.5827810363582273,0.37652326151999566,0.011210254017025925,0.12,0.0,0.24257965001372564,0.21033952367665162,-0.08937765465567372,0.8712979773613229,-0.27515538756362545,-0.12
2015-01-09,1.3377200365066528,0.21563957135923845,1.5779838047555472,0.37716253381120124,0.011167023161408074,0.12,0.0,0.03439492222610087,0.042457822692506156,-0.3035490159744758,0.1696389791264446,-0.3863822131382974,-0.12
2015-01-12,1.331210017204285,0.2147008968411222,1.580239967298269,0.3723351957318987,0.01126120901335028,0.12,0.0,-0.48783835335840986,-0.43624807618927064,0.14287543184780563,-1.288170635404198,0.8398914803216665,-0.12
2015-01-13,1.3349599838256836,0.21554558143391606,1.5794605218827655,0.37354075531281544,0.011281860174881336,0.12,0.0,0.2813000740936917,0.3926519893563998,-0.04933666554679555,0.3232603569110599,0.18321522358298717,-0.12
2015-01-14,1.3334699869155884,0.21550681324731213,1.5705990216090129,0.37320738986836466,0.011320259838224059,0.12,0.0,-0.1116759353842552,-0.01798769114233493,-0.562625787044808,-0.08928457840782626,0.33978848237345494,-0.12
2015-01-15,1.333840012550354,0.2156921101648049,1.57205328256633,0.37425366252491304,0.011362467156363009,0.12,0.0,0.0277452292544439,0.08594498679745707,0.09254991773596943,0.2799539418243056,0.3721542551992417,-0.12
2015-01-16,1.3236600160598757,0.2142711558239824,1.5403933182762588,0.37244233342698346,0.011398088757131332,0.13,0.0,-0.7661370592735616,-0.6609678669895427,-2.0344802900674117,-0.4851593314183245,0.31301194916061237,-0.12
2015-01-19,1.326740026473999,0.2140939197607027,1.5345130481861418,0.3723346520970806,0.011285641834185399,0.13,0.0,0.23241863501150306,-0.08275001091133252,-0.38246870359456214,-0.02891639584631498,-0.9914404826540371,-0.13
2015-01-20,1.3331400156021118,0.21474548587001271,1.5461715693633806,0.3696697370916769,0.011325438684359786,0.12,0.0,0.48122482049097426,0.3038744117882097,0.756882205185492,-0.7183047708363054,0.3520122909312634,-0.13
2015-01-21,1.3382500410079956,0.21567633430874555,1.545269878979312,0.3701936479882583,0.011279066975716007,0.12,0.0,0.3825747292808338,0.43252913597632886,-0.05833462640037691,0.14162370911038683,-0.4102878814638435,-0.12
2015-01-22,1.3355200290679932,0.2153474021190985,1.5512526530490616,0.3714420892509725,0.011331410335583311,0.12,0.0,-0.20420700487647875,-0.15262837087731038,0.3864193754398897,0.3366726761583524,0.4630017549292238,-0.12
2015-01-23,1.3398499488830566,0.21613969582880938,1.5202936366142694,0.3735085794999231,0.011282851976664721,0.12,0.0,0.32368783616965513,0.36723906875302376,-2.0159269616506594,0.5548006428466029,-0.42944963560628874,-0.12
2015-01-26,1.3464900255203247,0.21655061499410921,1.49803076352282,0.37392113277756184,0.011473061961129034,0.12,0.0,0.49435962861598604,0.1899369033960685,-1.4752076902785576,0.1103925393273985,1.6717800483084553,-0.12
2015-01-27,1.3434900045394895,0.21510294927804874,1.5111184343351451,0.37308802505136324,0.01133555553992741,0.11,0.0,-0.22305163541142545,-0.6707560245457834,0.8698640364007965,-0.22305163541142545,-1.2057555626487912,-0.12
2015-01-28,1.3393000364303589,0.21480009639068728,1.5224334873780236,0.3717696184905605,0.011371683456408805,0.12,0.0,-0.31235925673479104,-0.14089359938811893,0.7459971551175394,-0.35400266052607016,0.31820642722571496,-0.11
2015-01-29,1.3536499738693235,0.21705283736660178,1.52711503566627,0.372957709489434,0.011511411837940378,0.11,0.0,1.0657511806041409,1.043300268938596,0.3070324627120249,0.3190676539383669,1.2212519013379248,-0.12
2015-01-30,1.3527100086212158,0.21689863475294702,1.5333719127903862,0.37247294493717165,0.011439601482082526,0.06,0.0,-0.06946343368840853,-0.07106906188933217,0.4088817202350005,-0.13006296902893535,-0.6257727202928313,-0.11
2015-02-02,1.3520300388336182,0.21663675706121624,1.529013384007527,0.3737160815499883,0.011537667776009713,0.12,0.0,-0.05027986349835324,-0.12081030915888084,-0.2846494678734661,0.3331964740291594,0.8535991659979142,-0.06
2015-02-03,1.351889967918396,0.21631970744118545,1.533276665266925,0.37905228864124135,0.011498107616481698,0.12,0.0,-0.010360581304011397,-0.1464579941392708,0.27843763622288403,1.417779143778684,-0.3434674782582397,-0.12
2015-02-04,1.3460899591445925,0.21552267711656475,1.5422662647333996,0.374903193294877,0.011441867267436777,0.11,0.0,-0.42995262125558026,-0.369130617156758,0.584587844953996,-1.1006318888791655,-0.49032714296625174,-0.12
2015-02-05,1.3481899499893188,0.2161357476509595,1.525982068923227,0.3814480407502576,0.011494696190890455,0.12,0.0,0.15588515973105913,0.28405373852992943,-1.0614752743657423,1.7306802771804102,0.46065328809534917,-0.11
2015-02-06,1.3443700075149536,0.21537143890379012,1.542257090183412,0.3783227891733608,0.011438039440401601,0.11,0.0,-0.28374075953584393,-0.3542511319786361,1.0608803980149013,-0.8226873369135435,-0.49411345137108253,-0.12
2015-02-09,1.3531700372695925,0.21708378508072018,1.5310297979001037,0.3807456598291383,0.011374044073171904,0.12,0.0,0.652450812669443,0.7919225071063105,-0.7306406878503036,0.638382187341124,-0.561066989524799,-0.11
2015-02-10,1.3537399768829346,0.21698723573248938,1.5333749326142936,0.37908206944202333,0.011417895435027274,0.12,0.0,0.04210997918544625,-0.04448550822036237,0.15305649078614697,-0.4378869002105277,0.38479758116423546,-0.12
2015-02-11,1.3547500371932983,0.21739305175777365,1.5338413742774577,0.37468540939886297,0.011350307627438463,0.12,0.0,0.07458475770176662,0.18684832394001838,0.03041465746721857,-1.166595808371684,-0.5937052294773176,-0.12
2015-02-12,1.3598400354385376,0.21819233317623152,1.5382458007957922,0.37883829341845154,0.01131596951118163,0.12,0.0,0.3750108910912741,0.36699225602393737,0.28673857772015304,1.1022681972073491,-0.3029888174058915,-0.12
2015-02-13,1.35548996925354,0.2174175931000756,1.5457924289941332,0.3787342751322427,0.011398718129429218,0.12,0.0,-0.3204081934065334,-0.3557039664577826,0.4894001110644519,-0.027460943328901456,0.7285945166025445,-0.12
2015-02-16,1.3546700477600098,0.21743255681245038,1.5443291642130816,0.378167056199482,0.01142506579443926,0.12,0.0,-0.060507240413727924,0.006882238575138925,-0.09470597491294303,-0.14987925518511985,0.23087912856009093,-0.12
2015-02-17,1.3571300506591797,0.21753760445001152,1.5381729293251283,0.3789172630404134,0.011453347801616935,0.12,0.0,0.18142956594750048,0.04830107853767838,-0.3994315582692667,0.19818323201596252,0.24723761081960305,-0.12
2015-02-18,1.3559800386428833,0.21716180366491286,1.5464571788615444,0.3748182550188371,0.011374908031005262,0.12,0.0,-0.0847744505248239,-0.17290149087133364,0.5371321139536094,-1.0876622722393001,-0.6872192066968783,-0.12
2015-02-19,1.3567999601364136,0.21729311505986296,1.5467572726705896,0.37316756578822263,0.011431555796643334,0.12,0.0,0.060448802989285844,0.060448802989285844,0.01940336272761103,-0.441369840019767,0.4967704117801565,-0.12
2015-02-20,1.358620047569275,0.21758460421050235,1.5443074993083743,0.3727659419977,0.011418126696950082,0.12,0.0,0.134055704109763,0.1340557041097408,-0.15850679657909214,-0.10768354689524955,-0.11754300081144996,-0.12
2015-02-23,1.3603999614715576,0.2178696595228024,1.5483370762527497,0.3740445229806137,0.011424636388630128,0.11,0.0,0.13092321134884558,0.13092321134884558,0.2605911624340734,0.3424114396103835,0.05699566056769033,-0.12
2015-02-24,1.3593900203704834,0.21767305819290086,1.5405946931228696,0.3755013675711606,0.01143276470539923,0.11,0.0,-0.07426611276870126,-0.09027878793868073,-0.5012994732061697,0.3887277466084387,0.07112197120131275,-0.11
2015-02-25,1.357300043106079,0.2173383994592929,1.5390459796451523,0.37640046123350873,0.011416243839924145,0.11,0.0,-0.153862062133013,-0.15386206213300188,-0.10057755256750518,0.23915198937552892,-0.14460906101304324,-0.11
2015-02-26,1.3535399436950684,0.21658372469537396,1.5381135577121654,0.375513919523991,0.011391324499556543,0.11,0.0,-0.27741230325062105,-0.347839154918811,-0.060602770197947395,-0.23580932696978654,-0.21851825598026017,-0.11
2015-02-27,1.3566099405288696,0.21707496350377772,1.5201303969820685,0.3760005336664145,0.011364081464719521,0.06,0.0,0.22655559862555472,0.22655559862555472,-1.1760584354262325,0.12950228924151636,-0.2394424243255118,-0.11
2015-03-02,1.3644399642944336,0.218010403774835,1.522982479967709,0.3756407790760336,0.01138684430173172,0.12,0.0,0.5755164845593372,0.4300037568675846,0.18744515475097615,-0.09572507837266535,0.20010477675882388,-0.06
2015-03-03,1.3658299446105957,0.21805481469109422,1.526868803799914,0.3764276021737329,0.011362599560442183,0.12,0.0,0.10182000187710587,0.02036893314676091,0.2548534714706534,0.2092425115564586,-0.2131458739414506,-0.12
2015-03-04,1.3619500398635864,0.21743538771633317,1.5229569749035932,0.37221920461370916,0.01138402022828685,0.11,0.0,-0.2844736295163857,-0.2844736295163857,-0.25652816425390634,-1.1242796604210303,0.18834160306603753,-0.12
2015-03-05,1.3668999671936035,0.21833369765481056,1.514805487540002,0.37343932493730136,0.011424057935473143,0.11,0.0,0.3627852572458869,0.41228771893107896,-0.5366783630739649,0.32726009672970685,0.35108392758205675,-0.11
2015-03-06,1.3708000183105469,0.21906862442150898,1.512273223620923,0.37225722971776487,0.01141905151584368,0.12,0.0,0.28491461999920664,0.33604186406741593,-0.16730747703591287,-0.31704483608873213,-0.04383308428558387,-0.11
2015-03-09,1.378790020942688,0.22047235914382804,1.49543380978254,0.3743965165133048,0.011419591342189334,0.12,0.0,0.5811793764079134,0.6387297418060897,-1.1197626367460527,0.5730347327108721,0.004727306689015506,-0.12
2015-03-10,1.3808499574661257,0.22075938164703748,1.4959320356147006,0.371246117325143,0.011373632627941516,0.12,0.0,0.14929026410300325,0.13010058758686796,0.033310926347196665,-0.8450208696836726,-0.4032670112081028,-0.12
2015-03-11,1.38864004611969,0.22211133690284954,1.4870531898377237,0.3756126686745333,0.01147276081075127,0.11,0.0,0.562566334493707,0.6105436186431317,-0.595301104555624,1.1693244251949473,0.8677851508292761,-0.12
2015-03-12,1.3875199556350708,0.22193217975144366,1.4636594740745892,0.3762357793492625,0.011428288376351198,0.11,0.0,-0.08069351512085428,-0.08069351512085428,-1.5856647928092742,0.1657543668623215,-0.3883882344479073,-0.11
2015-03-13,1.3805700540542605,0.22082055119387003,1.4670372106158283,0.37292547010548444,0.011379762648781776,0.11,0.0,-0.5021452452737333,-0.5021452452737333,0.23050751409937573,-0.8837431970250929,-0.4255146635218093,-0.11
2015-03-16,1.3917800188064575,0.22273112602611903,1.4588123983118777,0.3769514217456319,0.01146980041868206,0.12,0.0,0.8087020435176944,0.8614944985355459,-0.5622185052614744,1.0737736730308478,0.7880959093250295,-0.11
2015-03-17,1.3892199993133545,0.2222112009213655,1.4688149790441969,0.3756069807793475,0.011446439611599708,0.12,0.0,-0.18410788921518054,-0.2337045994089391,0.683326008692189,-0.35729915234868875,-0.203880000763495,-0.12
2015-03-18,1.3885600566864014,0.2225434804870854,1.4716026092384311,0.38068815412318047,0.011449209025911004,0.11,0.0,-0.0475158310640373,0.14942153120926183,0.18960783260830122,1.3437214027398772,0.024191621461782224,-0.12
2015-03-19,1.3777999877929688,0.22155756071800925,1.4949113968486927,0.3720264549021299,0.01147554598774648,0.12,0.0,-0.7779264437205092,-0.44400769073873453,1.5714921455210404,-2.301557979043154,0.2297688538583847,-0.11
2015-03-20,1.3863600492477417,0.22411252478420152,1.4790996243519032,0.3741862558153542,0.011480101665557171,0.12,0.0,0.6193627506684977,1.1465844982957454,-1.0633398039955404,0.5788716577211617,0.03969112907903179,-0.12
2015-03-23,1.377750039100647,0.22236120352588595,1.4916364443436692,0.37731070632295993,0.011478667584763687,0.12,0.0,-0.6229880662562909,-0.7845165928404021,0.8440261353831073,0.8315319071727859,-0.012492662648537888,-0.12
2015-03-24,1.3676999807357788,0.2204190165273836,1.4969464132701091,0.37436360693759313,0.011421294202386462,0.11,0.0,-0.732127934103492,-0.8772747139978943,0.35535066397820486,-0.784146653529113,-0.5010794599134,-0.12
2015-03-25,1.3675999641418457,0.22074797694605944,1.4909621368011017,0.37208542929356486,0.011416550157866452,0.12,0.0,-0.007313025700528515,0.149131954344127,-0.40056677574858274,-0.6104059639976295,-0.04154546736909533,-0.11
2015-03-26,1.3703700304031372,0.22099177280990184,1.5019893672926088,0.373601427703498,0.01146580478502295,0.11,0.0,0.20234459924262208,0.11037987354769009,0.7368833323443827,0.40660512770086005,0.43050379517770887,-0.12
2015-03-27,1.3695800304412842,0.22085014253443871,1.4909751613443234,0.3719663388184501,0.011491404360283234,0.12,0.0,-0.057665283395790565,-0.06410902877041844,-0.7360097698298359,-0.438616469178862,0.2230200170136843,-0.11
2015-03-30,1.3699599504470823,0.22077610831669384,1.4911940883796857,0.3692315882804188,0.011488133756369662,0.12,0.0,0.027736044071938252,-0.03352799716761465,0.014682401796994631,-0.7379305440316771,-0.02846535834665843,-0.12
2015-03-31,1.3757599592208862,0.22202210896158384,1.4899819084356951,0.3712751318315482,0.011463424409218262,0.06,0.0,0.4224769890223909,0.5627863369667174,-0.08132227094876746,0.5519325303395348,-0.21531746576425786,-0.12
2015-04-01,1.3732600212097168,0.22194101352884313,1.4746258837405435,0.37408336142269194,0.011441735555944866,0.12,0.0,-0.1818785398513724,-0.036532508910977,-1.0359658416001771,0.7535281087586688,-0.18937968377934816,-0.06
2015-04-02,1.3628699779510498,0.22027605704967343,1.4678031977425974,0.37317432320552174,0.011397711931299079,0.12,0.0,-0.7594736509815049,-0.7530077227411164,-0.46374597561493824,-0.2432999176294231,-0.3855056405514113,-0.12
2015-04-03,1.3570400476455688,0.21933733505591757,1.4752038177492608,0.37092799341747057,0.011337293863346278,0.12,0.0,-0.42868618290719995,-0.4270677087491147,0.5029302048482459,-0.6037708959714132,-0.531499404297007,-0.12
2015-04-06,1.348399996757507,0.21794085030233723,1.4834210238547738,0.3718185680907769,0.011347971511588784,0.13,0.0,-0.6387190342179996,-0.6387190342179996,0.5554761197633313,0.23980591664607634,0.09413730767136094,-0.12
2015-04-07,1.356369972229004,0.21922903128374016,1.4831658503487688,0.372577927934654,0.01135256159783,0.12,0.0,0.589329120767513,0.5893291207675351,-0.01720317101468808,0.2040203336071694,0.04044033927879171,-0.13
2015-04-08,1.3598699569702148,0.21975210200718223,1.4719437807812028,0.37500204637732043,0.011304929309337792,0.12,0.0,0.2577082120499781,0.2383113675405557,-0.7595064084742701,0.6485264512750277,-0.4204557235295227,-0.12
2015-04-09,1.3559900522232056,0.21901186178053245,1.4624726556576917,0.37283201015504486,0.011291072262042961,0.12,0.0,-0.28572219285324935,-0.3374210236321461,-0.6455224210371907,-0.5803539686589784,-0.12265045201176844,-0.12
2015-04-10,1.35903000831604,0.21938593637075235,1.4499567505141897,0.3702574563371827,0.01127357921121366,0.12,0.0,0.2239362726929169,0.1706553648685968,-0.8594874206840969,-0.6929351674534928,-0.1550483006969618,-0.12
2015-04-13,1.3677699565887451,0.22064008528932258,1.4511840173842356,0.36891974743771566,0.011378265859923888,0.13,0.0,0.6410428571827662,0.5700355219304187,0.08460581829284504,-0.3619457832358325,0.9243167054660585,-0.12
2015-04-14,1.371790051460266,0.22108886053771537,1.4503863870981915,0.3709545885454893,0.011425966175623822,0.13,0.0,0.2934849205891428,0.20319039856215218,-0.05497921435259626,0.5500518505022897,0.4183467804931494,-0.13
2015-04-15,1.3603399991989136,0.21933539334127075,1.4483720075994881,0.3706143534543543,0.011387695914499075,0.13,0.0,-0.838182596308148,-0.7962669838201107,-0.13898225023769273,-0.09176088580268396,-0.3355033214032273,-0.13
2015-04-16,1.3563400506973269,0.21898704917111464,1.4481374704126184,0.3738636934935497,0.011384135672310832,0.13,0.0,-0.29447349842981024,-0.15894428836243926,-0.0161944705627704,0.8729231669517772,-0.03126882616955093,-0.13
2015-04-17,1.3510799407958984,0.21837752516980902,1.453164767569888,0.37188074333099314,0.011349416647146266,0.13,0.0,-0.38857041289156424,-0.27872600190852004,0.3465548761485027,-0.5318054652696685,-0.3054432643825038,-0.13
2015-04-20,1.3425500392913818,0.21700934181814566,1.451326961225874,0.3700523791420546,0.011299214179046446,0.13,0.0,-0.633340887963156,-0.6284929376798275,-0.12654927339334343,-0.4928659564391074,-0.4433164256498716,-0.13
2015-04-21,1.3482600450515747,0.2177457797649737,1.4490408041631042,0.3718004602951846,0.011311380917853385,0.13,0.0,0.4244085722927222,0.3387831975446919,-0.15764604499605492,0.4712752437173281,0.10761981211987047,-0.13
2015-04-22,1.351449966430664,0.21826095628498413,1.4516890958921067,0.37414523659518373,0.011296631614083114,0.13,0.0,0.23631596356927798,0.23631596356927798,0.18259490239028964,0.6286741870109259,-0.13047857118754877,-0.13
2015-04-23,1.3476799726486206,0.2178702468241498,1.4454966464980714,0.37430355024821227,0.011235348119517981,0.13,0.0,-0.27934899902979515,-0.17917065441348198,-0.4274809677194436,0.042304472442887105,-0.5439703604070655,-0.13
2015-04-24,1.3429100513458252,0.21699387724989783,1.4523598536472944,0.3763972292176959,0.011231068243492865,0.13,0.0,-0.3545635906889465,-0.4030549829914132,0.473675627573383,0.5577946514033404,-0.038100211513356366,-0.13
2015-04-27,1.3324600458145142,0.21544108361257028,1.4482473236890314,0.3761036651103194,0.011204016110148832,0.13,0.0,-0.7812047153897568,-0.7181659448449602,-0.283563575659267,-0.07802359425270126,-0.24115930235327185,-0.13
2015-04-28,1.3272000551223757,0.21375423280327796,1.4437228750940396,0.3762758168786864,0.011141145184446633,0.13,0.0,-0.39553908020409845,-0.7860568046452269,-0.31289757330663587,0.045761952709324406,-0.5627266751831295,-0.13
2015-04-29,1.3180299997329712,0.21270556557051704,1.4457631149915358,0.37291478181704857,0.011092381284749403,0.13,0.0,-0.6933304048013165,-0.4918022052394874,0.14121821275896615,-0.8972503435125481,-0.43865266228564936,-0.13
2015-04-30,1.3212499618530271,0.21344221405522656,1.4684797448625202,0.37022247590828594,0.011105740508499747,0.08,0.0,0.2440031951512381,0.345724771389262,1.5590389056342042,-0.7245815386095762,0.12036356487819025,-0.13
2015-05-01,1.3237299919128418,0.21381521485630803,1.4845180750679674,0.36864486315465594,0.011081689325918373,0.13,0.0,0.1875273786530612,0.1746024155940691,1.0862512528357264,-0.4270361044983788,-0.21680016280726447,-0.08
2015-05-04,1.3302299976348877,0.2148651269445113,1.4879862509974373,0.37009431208217625,0.011072700772986142,0.13,0.0,0.48983547184855947,0.48983547184855947,0.23335054370244912,0.3924120545054008,-0.08114467051730263,-0.13
2015-05-05,1.3319799900054932,0.21489093727072733,1.4850433767992968,0.3716461910970088,0.011090591231710177,0.13,0.0,0.1314691651514564,0.012011617006134269,-0.19797146532180795,0.4184431812910022,0.161442285793948,-0.13
2015-05-06,1.3320200443267822,0.2150084019151071,1.4900386036696034,0.3737849423777175,0.011107387108853716,0.13,0.0,0.0030070811393230527,0.05464751238067439,0.3358046330921199,0.5738309156752438,0.1513280181743655,-0.13
2015-05-07,1.323240041732788,0.21380514041078105,1.5007486293795296,0.3675870885461594,0.011082690574790263,0.13,0.0,-0.6613314183566852,-0.5612064655817506,0.7162041734225332,-1.6720345432066064,-0.22259087698990604,-0.13
2015-05-08,1.3324999809265137,0.21498870454467822,1.498655990666009,0.3720092758202657,0.011131159603729596,0.13,0.0,0.6973556629015287,0.5520448362839036,-0.13953696270756133,1.1958522748580493,0.43638635776628454,-0.13
2015-05-11,1.3302700519561768,0.21462892252034674,1.4891138434699087,0.36864903714836983,0.01110594477803672,0.13,0.0,-0.16748945377150032,-0.16748945377151142,-0.6387493126419352,-0.9073716362098253,-0.22678165346192874,-0.13
2015-05-12,1.3368799686431885,0.21565362233393445,1.4898751737853502,0.37129366413519366,0.011128518078777783,0.13,0.0,0.4956549251685702,0.47629250267749973,0.051113335940935915,0.714822443222567,0.20304793187002237,-0.13
2015-05-13,1.3343100547790527,0.2152494808475915,1.4972900683567898,0.3722340192174183,0.011134560562215108,0.13,0.0,-0.19241720989624514,-0.1875788788056934,0.49645126396234485,0.25294433674802774,0.0542825516913948,-0.13
2015-05-14,1.325719952583313,0.2140121928858847,1.504755822906887,0.3727282934382604,0.011125544745219464,0.13,0.0,-0.6458673047219693,-0.5764741946012514,0.49737880175801985,0.13269779825761557,-0.08100426627923416,-0.13
2015-05-15,1.3196500539779663,0.21313555249452315,1.5050581455132317,0.3711156157426659,0.011071725491264164,0.13,0.0,-0.4589081484096691,-0.41046295182121234,0.020089122486214524,-0.43360715935733557,-0.4849187205766719,-0.13
2015-05-18,1.3202199935913086,0.21307273018872164,1.5109987301577803,0.3687250482014396,0.011063604905164193,0.13,0.0,0.04317936958467615,-0.029479627125486706,0.39393105446487164,-0.6462407319410896,-0.07337217307214045,-0.13
2015-05-19,1.3276599645614624,0.2143357485291626,1.503731982750324,0.3675183341414816,0.01107306044758393,0.12,0.0,0.5619582962272422,0.5910140204227625,-0.48208362026392404,-0.3278033241344853,0.08542879285676229,-0.13
2015-05-20,1.3347899913787842,0.21540335511997993,1.48784452329366,0.37190104329970103,0.011063140160561787,0.12,0.0,0.5356002163485329,0.4968636915355657,-1.0621562771134014,1.1854600021453776,-0.08962954268322294,-0.12
2015-05-21,1.3364200592041016,0.2157708791889834,1.4835266524562483,0.37230332825580237,0.01102547669711891,0.12,0.0,0.12204716190707937,0.17047593699601224,-0.29063174011761184,0.10811143031672797,-0.3410218049089926,-0.12
2015-05-22,1.3352999687194824,0.21583047262895522,1.4837655535370118,0.3709681874299258,0.011031981035528663,0.13,0.0,-0.083847898622277,0.027615038784976023,0.016102295607909965,-0.3592609789929663,0.058976321542744875,-0.12
2015-05-25,1.337149977684021,0.21610854430491933,1.4699286876274442,0.3718127018905826,0.010998922334129968,0.13,0.0,0.13845043291040096,0.12875508045246734,-0.9369261676978411,0.22739271747463705,-0.3001123073038753,-0.13
2015-05-26,1.3418899774551392,0.21671350072176299,1.4722099155775652,0.3689348768967147,0.01103527955833585,0.12,0.0,0.35385845650033865,0.2795406646853166,0.1550728034896832,-0.777009484788745,0.33000747999847935,-0.13
2015-05-27,1.3489700555801392,0.21779008895612242,1.4688743167641292,0.37029099567672424,0.010968484664194917,0.12,0.0,0.5262328308860466,0.4955496171157499,-0.22682793011633462,0.36690282405868596,-0.6071242959785327,-0.12
2015-05-28,1.351009964942932,0.21821103539198755,1.4726028395178756,0.3702411595153614,0.010918134703948474,0.12,0.0,0.15110554414689384,0.19309425740011715,0.25351376553742405,-0.013459553670599058,-0.4600989145143874,-0.12
2015-05-29,1.3482799530029297,0.21777361432674205,1.4777613803171334,0.3695436386707424,0.0108890321137619,0.08,0.0,-0.202276372959351,-0.20065899673172555,0.3496887618976165,-0.1885740428916441,-0.2669086517027863,-0.12
2015-06-01,1.3489400148391724,0.21798231919940858,1.4781608064251515,0.36582415178716615,0.010861642815786119,0.12,0.0,0.04894386496383244,0.09578980918794928,0.027025482080722397,-1.0116077019594867,-0.25184793153706747,-0.08
2015-06-02,1.3561999797821045,0.2191130158404391,1.481376345747236,0.36912441373596294,0.010862896012367677,0.12,0.0,0.5367546513423421,0.5173695862261045,0.21730023460070202,0.898099346365981,0.011537152460276267,-0.12
2015-06-03,1.348330020904541,0.21788727280460882,1.5033895935018793,0.36659326555020044,0.010870472984190149,0.13,0.0,-0.581985120442367,-0.5609818950679598,1.4750668790930241,-0.6880786593825039,0.06972662296999642,-0.12
2015-06-04,1.3437999486923218,0.2171692627056205,1.5128282141283336,0.3620833633125878,0.010810592896887907,0.13,0.0,-0.336542183255297,-0.330076986451579,0.6258600696443504,-1.2378494507549582,-0.5523735768711809,-0.13
2015-06-05,1.3481199741363523,0.21775127972212494,1.5109556958954327,0.3593644976088231,0.010838720082857262,0.13,0.0,0.3209626791666098,0.2676430782896039,-0.12385266460713097,-0.7537283628478506,0.2598438280385207,-0.13
2015-06-08,1.358199954032898,0.21929795824783785,1.5087087855183798,0.3639140420574166,0.01081119787459879,0.13,0.0,0.7449249738879542,0.707785232509797,-0.14881857276316732,1.2580504475884764,-0.2542478279899187,-0.13
2015-06-09,1.3538700342178345,0.2185212129654821,1.5272943807170947,0.3618522170538842,0.010868957842547941,0.13,0.0,-0.319307651551394,-0.35482507316600154,1.2243615276403947,-0.568180326503376,0.5328384663027316,-0.13
2015-06-10,1.3513200283050537,0.21810610448056983,1.5268635590701933,0.3638155395152021,0.010868030643120686,0.13,0.0,-0.18852698768831344,-0.19014321522855845,-0.028212139532560177,0.5411091326670134,-0.00853107529987086,-0.13
2015-06-11,1.343400001525879,0.21682430661281218,1.519648897871889,0.36005466802237635,0.010933863158964082,0.13,0.0,-0.5878198474562227,-0.5894283527396375,-0.47363500313770834,-1.0391104078120783,0.6039174075957934,-0.13
2015-06-12,1.3451199531555176,0.21707387305416795,1.511999269357716,0.3594559079175853,0.010884520591388731,0.13,0.0,0.12794785928840505,0.11503457749841607,-0.5046525405913144,-0.16643542514336146,-0.4523034543722906,-0.13
2015-06-15,1.3447200059890747,0.21694981381709988,1.5087684445630316,0.35778102181816984,0.010906967280423781,0.13,0.0,-0.029737618257219225,-0.0571670368228043,-0.21390761108320933,-0.4670392932766683,0.20601344071616676,-0.13
2015-06-16,1.3464699983596802,0.21720761801027597,1.5184153019527002,0.35989360922499464,0.01090965822667202,0.14,0.0,0.130053442115752,0.11876070963097046,0.6373508087609603,0.5887329487239488,0.024668767046580102,-0.13
2015-06-17,1.343150019645691,0.21668603550039134,1.5099716356359068,0.3605094492650344,0.010881082859577524,0.14,0.0,-0.24687356414223052,-0.24041963135450461,-0.5576360201655006,0.17097100929708695,-0.2622708733151393,-0.14
2015-06-18,1.3361999988555908,0.21553002637233354,1.5192550507885016,0.3619176680957575,0.010816805731884557,0.14,0.0,-0.5187852523733436,-0.5349231491204505,0.6129250252042099,0.3898581823690936,-0.5924753041934493,-0.14
2015-06-19,1.3344299793243408,0.21530357353604856,1.5173459440333659,0.3569903716651057,0.010848847915019602,0.13,0.0,-0.13255447627580585,-0.10512311815387745,-0.1257397339936145,-1.370793846848703,0.2957880433133591,-0.14
2015-06-22,1.3343499898910522,0.2152350950605378,1.5175484685668295,0.35917900961497545,0.010870379840997875,0.13,0.0,-0.005994456960498416,-0.03181060428853654,0.01334639735230008,0.611208694646104,0.19827530954789724,-0.13
2015-06-23,1.335710048675537,0.215454477069744,1.5159057384782955,0.3568173356046172,0.010826073095610237,0.13,0.0,0.10187478052686989,0.10187478052686989,-0.10830756866564749,-0.6596912375258221,-0.408424428705771,-0.13
2015-06-24,1.3405699729919434,0.21633261083416336,1.49770972669279,0.3574853261311849,0.010823267934651581,0.13,0.0,0.3631854379268024,0.4067444347830038,-1.2076015087201029,0.18703296433784575,-0.02591451601629554,-0.13
2015-06-25,1.3429399728775024,0.2167045775704258,1.5050318693636058,0.35789781314827973,0.010843190570760356,0.13,0.0,0.17663437434998314,0.17179440367047916,0.4876981218424152,0.11531920174202046,0.1839030750569386,-0.13
2015-06-26,1.342810034751892,0.21660322708475693,1.5043467935990265,0.3564193926860076,0.010864334693066528,0.13,0.0,-0.009676114704842174,-0.046779903998164826,-0.045529383513281604,-0.4139400706613183,0.19480920773906196,-0.13
2015-06-29,1.3547300100326538,0.21854009289824922,1.4868190477270815,0.3593924933978705,0.01104891866560886,0.14,0.0,0.8837720787984527,0.8902255950805578,-1.1719809216001438,0.8306980832372831,1.6847186982007352,-0.13
2015-06-30,1.3468999862670898,0.21728398518564787,1.5116213976158406,0.35902972818883033,0.010979864729533077,0.08,0.0,-0.579653446269084,-0.57643037814718,1.6543877417820498,-0.10098942626539872,-0.6269448568543867,-0.14
2015-07-01,1.3473999500274658,0.21763849997550733,1.5003283974672852,0.35787514275826543,0.011009428632004058,0.13,0.0,0.037112702960756444,0.16302439191852736,-0.7498832209219299,-0.32210310617047405,0.2688937729658345,-0.08
2015-07-02,1.3530499935150146,0.2185334656652997,1.4929053502055467,0.3601410712019292,0.010971861797464816,0.13,0.0,0.4184526171673246,0.41037343812767874,-0.49598949531392156,0.631165681755067,-0.34180769536713784,-0.13
2015-07-03,1.3486000299453735,0.217702242444074,1.4951882408982016,0.3574817803336053,0.010958971311978254,0.13,0.0,-0.3294259104844513,-0.3810894943975674,0.1527991722627614,-0.741142240759246,-0.11755583480774527,-0.13
2015-07-06,1.3515700101852417,0.21814645212060807,1.4860582355501322,0.35386045843283304,0.011041607390054805,0.13,0.0,0.21998477084432747,0.20383671484120722,-0.6124977564333545,-1.0181746529171773,0.7512208457249921,-0.13
2015-07-07,1.3498300313949585,0.21774261162794364,1.4914260786493116,0.35337715762952576,0.01100904511604195,0.13,0.0,-0.128820537804251,-0.1852951320861064,0.36056269979235583,-0.1366728430622226,-0.2953408990766973,-0.13
2015-07-08,1.3542399406433103,0.21842580359753647,1.4910103597584905,0.35684846203371107,0.011055922640716052,0.13,0.0,0.32616856838431296,0.31327006012853625,-0.027877804077220077,0.9775293794360534,0.4249051774723964,-0.13
2015-07-09,1.3508700132369995,0.21791741232569078,1.495549493342935,0.35733520255582896,0.011176962309861664,0.13,0.0,-0.24915284088708636,-0.23302367647320404,0.3039709433447285,0.13630684139478744,1.0888453322028828,-0.13
2015-07-10,1.3495999574661257,0.21771954870780583,1.4930690243328117,0.3559071565874984,0.011089564431460891,0.13,0.0,-0.09406183947934774,-0.09083877135743791,-0.16599439272779146,-0.40043832457787065,-0.7850198483549456,-0.13
2015-07-13,1.3512300252914429,0.21796494220311646,1.5037895581750576,0.3552596418173721,0.01103080917788193,0.13,0.0,0.12070867352991532,0.11264735209956858,0.7154544852112058,-0.18209931917784705,-0.5312332675172574,-0.13
2015-07-14,1.3581000566482544,0.21910493871560915,1.4926144238551444,0.3583377494242097,0.010990532168020544,0.13,0.0,0.5071398370277687,0.5216552992705418,-0.7459065066039128,0.862706824775057,-0.3658001948279979,-0.13
2015-07-15,1.3606499433517456,0.21949860369617438,1.4978038329124104,0.35885904296910737,0.011033489674982966,0.13,0.0,0.18757792744086665,0.17950839343901004,0.3470694612502402,0.1453697624495652,0.39009733775646066,-0.13
2015-07-16,1.3659000396728516,0.2203348828694532,1.4947800088407348,0.36001583340711907,0.011026883098301545,0.14,0.0,0.3851095958223174,0.3802712647317651,-0.20208791202991033,0.3218338752683215,-0.05989542377025204,-0.13
2015-07-17,1.366029977798462,0.22034518256413554,1.4870619161997922,0.35905636504581306,0.011003149078645646,0.13,0.0,0.009512551557128435,0.004674454549734474,-0.5176739794498372,-0.2668630306613738,-0.21546976098629533,-0.14
2015-07-20,1.3688199520111084,0.22079521469170685,1.48246570975752,0.3588841252958666,0.011026243905002231,0.14,0.0,0.20403131814262687,0.20403131814262687,-0.3095583332789776,-0.047981623983618396,0.20967291141120217,-0.13
2015-07-21,1.3710700273513794,0.22114746026414708,1.4856106373879499,0.3627169411980937,0.011030862644134538,0.13,0.0,0.16424570789689896,0.15940784494999188,0.2119169751419847,1.0623188144387534,0.04187982852171814,-0.14
2015-07-22,1.3634999990463257,0.21993353615089453,1.4916637729105986,0.35807138219414714,0.011008396514833955,0.13,0.0,-0.5536554243809597,-0.5504327722279598,0.40662317467556625,-1.289039563876968,-0.2038737955767997,-0.13
2015-07-23,1.3653299808502195,0.22023582802787825,1.4919030750057514,0.3584013619555793,0.011004690751188623,0.13,0.0,0.1341221030039219,0.13735255068117086,0.016041342987378172,0.09211230642283322,-0.03366873201887071,-0.13
2015-07-24,1.3689600229263306,0.22081780859659048,1.504351583879071,0.3588361736287182,0.01105105128513073,0.13,0.0,0.26552005849956983,0.2639048216162227,0.8309427547205827,0.12124622731895013,0.4203948535844308,-0.13
2015-07-27,1.372099995613098,0.22132072181802964,1.5055190340067952,0.35956498980598117,0.011086512044793372,0.14,0.0,0.22910655286649995,0.22749134207261582,0.07757477542939892,0.20289956764891576,0.3203675983987935,-0.13
2015-07-28,1.369070053100586,0.22083555682995862,1.5183041934960784,0.3601583762172751,0.011108974982407635,0.14,0.0,-0.22106937494957152,-0.21945416415569066,0.8456338030233931,0.1648929501962777,0.20241002376673892,-0.14
2015-07-29,1.3632400035858154,0.2198987022928242,1.5085595007618053,0.35860580670114556,0.011031592245350212,0.14,0.0,-0.4267493982487135,-0.42513416136533766,-0.6438827370673901,-0.43201149075330886,-0.6990159859311869,-0.14
2015-07-30,1.3695800304412842,0.22093564390517256,1.5043551908622987,0.35890462157173325,0.01105034697000886,0.14,0.0,0.46399237059174014,0.47044588687385325,-0.27908607171042443,0.08329213795049496,0.16986487450512897,-0.14
2015-07-31,1.374519944190979,0.22170749731208494,1.503620909622711,0.3595396182708335,0.01107849500413043,0.08,0.0,0.3600392938764757,0.3487478365057478,-0.04882227980830874,0.17676997858332377,0.2544014669693129,-0.14
2015-08-03,1.3727999925613403,0.2214264959114125,1.505824456638507,0.3563585437224826,0.011067397472015763,0.14,0.0,-0.1252094327517607,-0.1268245914934346,0.14644209423420404,-0.8887005592913954,-0.10022204393455934,-0.08
2015-08-04,1.377400040626526,0.22217205148275465,1.509082616636903,0.35605532962747605,0.011112994021686577,0.14,0.0,0.33452492905856923,0.3361400878002604,0.2161367622673142,-0.0851230231914699,0.41114345446678147,-0.14
2015-08-05,1.3816299438476562,0.22285790936187075,1.5044535104198076,0.35654966292842744,0.011117610447691738,0.14,0.0,0.3066227303779527,0.30823022378928555,-0.30722112912540334,0.138739802670316,0.04153216866305848,-0.14
2015-08-06,1.383739948272705,0.22319466673352964,1.508706131729184,0.3544415811279971,0.01109388207352906,0.14,0.0,0.1526019966104025,0.1509945031990667,0.2822700844324407,-0.592999701637303,-0.21365861088961696,-0.14
2015-08-07,1.3835699558258057,0.22316724726964823,1.511833989243172,0.3529065021528824,0.011092163667986106,0.14,0.0,-0.01228575425263707,-0.01228575425263707,0.20710591528271513,-0.43403846602145013,-0.01549086814668542,-0.14
2015-08-10,1.3844799995422363,0.22331403561976795,1.5180868297898087,0.35381547706380434,0.011138213721247833,0.14,0.0,0.06575341947524717,0.06575341947526935,0.4127401207327696,0.2572370575371487,0.4142990316696151,-0.14
2015-08-11,1.3822200298309326,0.22294950673038239,1.5227886047230754,0.3473787378807387,0.01109210147689303,0.15,0.0,-0.16336937072735325,-0.16336937072734214,0.30923849275536436,-1.8359877636189186,-0.4148597091829005,-0.14
2015-08-12,1.4020500183105469,0.2220225238337409,1.5481488192326651,0.3528057439319652,0.011210122505249899,0.15,0.0,1.4244540536025057,-0.416648316735255,1.6516644611766638,1.550195661965461,1.0583888868021387,-0.15
2015-08-13,1.39900004863739,0.21938216723203685,1.5614188862284804,0.34757764359995097,0.011259104901705728,0.15,0.0,-0.21777339252346375,-1.196357060660926,0.8535043330569938,-1.4929530119390542,0.43599606841746447,-0.15
2015-08-14,1.3968600034713743,0.21863858356021204,1.5590303895712763,0.34456340346470304,0.01123211899942744,0.14,0.0,-0.15308674569346287,-0.33952016418320524,-0.15308674569346287,-0.8709956457192953,-0.23996840142390657,-0.15
2015-08-17,1.4068599939346311,0.22044876922174553,1.5606288094256937,0.3439755358063887,0.011313711388805667,0.15,0.0,0.713340339047351,0.8245265573781758,0.10247401349516082,-0.17075804072322742,0.7237945480569998,-0.14
2015-08-18,1.407099962234497,0.220386236092467,1.5587853478251645,0.3446240262385386,0.011307638520427965,0.15,0.0,0.01705555901189682,-0.028370310408262798,-0.11819282225457178,0.18835057691270962,-0.05369147772310959,-0.15
2015-08-19,1.404039978981018,0.21993796366378074,1.5487728198509672,0.34320213920497694,0.011289126518045272,0.15,0.0,-0.21770417169089235,-0.20361024163641658,-0.644400656825912,-0.4134443062593339,-0.1638465195577197,-0.15
2015-08-20,1.4019800424575806,0.2195465043925874,1.5587255268573443,0.34215499564766066,0.01131568969824553,0.15,0.0,-0.14682267964931073,-0.17814480518554163,0.6405629176659019,-0.30557626641359287,0.2350224144538029,-0.15
2015-08-21,1.4030799865722656,0.21995296213491478,1.5766361622127079,0.33805084861623014,0.01136833582392084,0.15,0.0,0.07842571350910546,0.18496398251347726,1.1425048818393886,-1.2067514183888703,0.4641699961695309,-0.15
2015-08-24,1.4136600494384766,0.22161501796707805,1.6083142431932629,0.33491115476940503,0.01161288751694775,0.15,0.0,0.7512310321780228,0.7528008171952365,1.9893010320486588,-0.9331036853888839,2.128354273712145,-0.15
2015-08-25,1.4101300239562988,0.22052577216648822,1.633361566917074,0.33443142156285655,0.011861394233891596,0.15,0.0,-0.2500205205970212,-0.4927154555821403,1.5453625631414627,-0.14334462072389278,2.1173470067110918,-0.15
2015-08-26,1.4038000106811523,0.2192443990495876,1.6215216775532328,0.33500381091923376,0.011842416060731371,0.14,0.0,-0.4499062787399371,-0.5827483658542867,-0.7275186663639374,0.17100668387075613,-0.16012765019191066,-0.15
2015-08-27,1.4047900438308716,0.21946415228991342,1.593039534006252,0.3370417392657303,0.011700928380804006,0.14,0.0,0.07050037004405409,0.10018188979188938,-1.772116755333763,0.6064870432168649,-1.2019480379580054,-0.14
2015-08-28,1.3996200561523438,0.21885135576453058,1.574287253582952,0.3366899288713137,0.011566821278925958,0.14,0.0,-0.36870452972783235,-0.2796145303467152,-1.184121550569977,-0.10443636332722012,-1.1527422192946135,-0.14
2015-08-31,1.4090399742126465,0.2209045978809098,1.5801017924378018,0.33822371858594774,0.011617211430510985,0.08,0.0,0.6707791814450906,0.9338165952240438,0.36866381131894765,0.45451514008701105,0.43469772118695466,-0.14
2015-09-01,1.4098700284957886,0.22145483798291524,1.5827010448459475,0.336886510817823,0.011643254670026424,0.14,0.0,0.058891862906932206,0.24877524527683725,0.16436389664714407,-0.3961455355381067,0.22392715851296982,-0.08
2015-09-02,1.413280010223389,0.22240617687421138,1.5960789438501026,0.33609513338059754,0.01180537153619806,0.14,0.0,0.24157294788793182,0.42866587342649976,0.841705184590962,-0.23518555337177807,1.3827628778291297,-0.14
2015-09-03,1.415220022201538,0.2230132856017782,1.5873168954452979,0.33500294996771224,0.01173677227326975,0.14,0.0,0.13717604809078168,0.2726010669362568,-0.550485768897041,-0.3254917289276453,-0.5827800359892885,-0.14
2015-09-04,1.4159400463104248,0.22312674848367378,1.5753672558093967,0.330286910915099,0.011793996544860885,0.14,0.0,0.050864246950796464,0.050864246950818655,-0.7556680293147622,-1.4177633916828156,0.48637921560279973,-0.14
2015-09-07,1.423509955406189,0.2243196303484505,1.5874985327834992,0.32830026906768545,0.01194580525920119,0.14,0.0,0.5331967124249766,0.5331967124249766,0.7671104165971449,-0.6033059657328826,1.278955779851958,-0.14
2015-09-08,1.4267799854278564,0.2244811950945917,1.5928507173838398,0.33246649306527787,0.0119492808965144,0.14,0.0,0.22945254863400924,0.07199842066286782,0.3365787359834312,1.2610438196083293,0.029090812354230795,-0.14
2015-09-09,1.416800022125244,0.2228654108174945,1.5878601449023215,0.327016740533778,0.011797917035279808,0.14,0.0,-0.7019323706657751,-0.7223889853294495,-0.31380259274475836,-1.6527718402219778,-1.2748107087184624,-0.14
2015-09-10,1.4204200506210327,0.22306290995859368,1.5938106620998125,0.330868851016886,0.01180947514975822,0.14,0.0,0.2551815063595702,0.08857887907588374,0.3740502708438228,1.1710712488422115,0.09791945939078162,-0.14
2015-09-11,1.4128999710083008,0.22190287625554314,1.5952894754535691,0.3295777727823763,0.011713742713842715,0.14,0.0,-0.5308328896092882,-0.5214047313630634,0.09274173879567023,-0.3909717553521697,-0.8139444611473318,-0.14
2015-09-14,1.411870002746582,0.2218177617465261,1.6016314044769615,0.32761803724563293,0.01168805283758142,0.14,0.0,-0.0729240481123944,-0.03836400778842233,0.396752849429454,-0.5963949604079277,-0.21955483308564464,-0.14
2015-09-15,1.4054399728775024,0.2210541124175881,1.5892170826732155,0.32979936920758646,0.011676968808162564,0.14,0.0,-0.45646670685755486,-0.3448627606895775,-0.7781243447908776,0.6636088261734115,-0.09487712374819103,-0.14
2015-09-16,1.4024100303649902,0.22050471712648337,1.5807680088275902,0.33299536375942634,0.011644635670970715,0.14,0.0,-0.21581948359681613,-0.24884365925802254,-0.533068365261937,0.9644069766833068,-0.27728073286535465,-0.14
2015-09-17,1.396720051765442,0.2195790011135121,1.577181085436976,0.33121177359224485,0.011588825546579768,0.14,0.0,-0.4065539128143094,-0.4207005803437266,-0.22716800214823232,-0.5370597074114897,-0.4804297664969071,-0.14
2015-09-18,1.3964699506759644,0.2197089305238652,1.592108235657733,0.3317818754982631,0.01163279058332908,0.14,0.0,-0.017907918181524544,0.05915455662876568,0.9419941878877245,0.171978132011874,0.3786565847487321,-0.14
2015-09-21,1.400320053100586,0.2203736128644801,1.5812462193241572,0.328829404834234,0.011669236585617528,0.14,0.0,0.2753231276924279,0.30207189811187984,-0.6845789783768365,-0.8938661540776451,0.3128142606968505,-0.14
2015-09-22,1.4098800420761108,0.22171063075214686,1.5777883157820014,0.3271183435716874,0.011700443403389434,0.14,0.0,0.680380437746034,0.6048720276408386,-0.2189216284137971,-0.521707757259839,0.26707114804872484,-0.14
2015-09-23,1.4175000190734863,0.22266729186313292,1.5763662928857798,0.32363013288514997,0.0118046302253378,0.14,0.0,0.5390145846395011,0.43056260908305594,-0.0901682491187733,-1.072071383057519,0.8865107672597405,-0.14
2015-09-24,1.4259300231933594,0.22372091429559818,1.5956067969455034,0.32466529116379095,0.01186297886352993,0.14,0.0,0.5929478618118857,0.4720664097140226,1.213171707118128,0.31934797624045025,0.4930684479841395,-0.14
2015-09-25,1.4245400428771973,0.22351686347649471,1.5924833144812283,0.3242897673768821,0.011847472290303798,0.13,0.0,-0.09752640049648438,-0.09124937266187033,-0.19594699989627629,-0.11573184425669739,-0.13079949711889619,-0.14
2015-09-28,1.425570011138916,0.22400182519966869,1.5968836444078534,0.3230899928933185,0.01184343061242677,0.13,0.0,0.07227568669522352,0.21673370309731962,0.27593768766111676,-0.3706559675769776,-0.03412008341626187,-0.13
2015-09-29,1.4308600425720217,0.22502045312578506,1.6070037504103996,0.3211086378690258,0.011939753724104687,0.13,0.0,0.3703950302699994,0.4537100819629566,0.6317412825699334,-0.6151398582664026,0.8100146471559423,-0.13
2015-09-30,1.4274799823760986,0.22467262287829193,1.6067625913372297,0.3254999423728887,0.011909560946997159,0.07,0.0,-0.23650522624627263,-0.15469676337924607,-0.015007878481385637,1.3582783004176608,-0.2531963174119474,-0.13
2015-10-01,1.4235299825668335,0.22428038500670844,1.590376375286553,0.32224787242115294,0.011876704868168426,0.13,0.0,-0.277094951279028,-0.1747345332333165,-1.0250639527482186,-1.004124507103415,-0.27626109941394134,-0.07
2015-10-02,1.430500030517578,0.22541404382805397,1.6012223026218633,0.32641185955168706,0.011939738416387027,0.13,0.0,0.4884364758486484,0.5041918023480195,0.6796574494925901,1.2838917304921627,0.5293292087587353,-0.13
2015-10-05,1.4320600032806396,0.22565985980937633,1.6077735605522037,0.3300818245305212,0.011934330351281488,0.13,0.0,0.10899145513591638,0.1089914551358942,0.40830635570939094,1.1180620007343303,-0.04530493105863327,-0.13
2015-10-06,1.4204200506210327,0.2238256698457314,1.5901885825720967,0.33040709960539755,0.011791534753105062,0.13,0.0,-0.8161331226459255,-0.8161331226459255,-1.0997725698184893,0.09849524777376041,-1.2037270021699575,-0.13
2015-10-07,1.420799970626831,0.22388553653780494,1.600955460066416,0.33708183136233105,0.011816367231115394,0.13,0.0,0.02674344156535454,0.02674344156535454,0.6747998966314078,2.0000194583483824,0.21037436689995925,-0.13
2015-10-08,1.411620020866394,0.2224389866926506,1.5866603326541053,0.3431676140233127,0.01177183846965729,0.13,0.0,-0.6482076761962272,-0.6482076761962161,-0.8969226014119382,1.7893274517994335,-0.37755151805625076,-0.13
2015-10-09,1.403499960899353,0.22125008757236184,1.5841213962779648,0.34003632742394146,0.011702757055419776,0.13,0.0,-0.57689068597084,-0.5359167194979731,-0.16014580225445396,-0.9166541160056862,-0.5885648899346132,-0.13
2015-10-12,1.3984800577163696,0.22074409493178843,1.5900672750578337,0.33783790555203386,0.01163664240651819,0.13,0.0,-0.35831151688375357,-0.22895905948381529,0.37463971741852287,-0.6486246187013174,-0.5665512161538923,-0.13
2015-10-13,1.4009000062942505,0.2219071695595265,1.5907928681441632,0.3334285437689191,0.011673096530901745,0.13,0.0,0.1728917921358968,0.5255050183364817,0.045622445895055236,-1.3137630244239085,0.31278045799769977,-0.13
2015-10-14,1.4009499549865725,0.22123871481158297,1.5949791509274294,0.33855726223105176,0.011701887242750102,0.13,0.0,0.0035654080709095906,-0.3016863197929159,0.26281134794031114,1.5264661850892596,0.24633793705458712,-0.13
2015-10-15,1.378309965133667,0.21747794768236237,1.5816827041892907,0.3359683066300648,0.011599006512625194,0.13,0.0,-1.629246008362887,-1.7144820663564517,-0.8371381655188761,-0.7676412678307327,-0.8830682613775285,-0.13
2015-10-16,1.3801000118255615,0.2178119314643503,1.5689194802012594,0.33087988745225483,0.01159260795000193,0.13,0.0,0.1297883170467537,0.15345353224446318,-0.8102129726702826,-1.526139827527793,-0.05517996856949539,-0.13
2015-10-19,1.3832800388336182,0.21809353694905406,1.5715519470140578,0.3229698905668183,0.011597887798834219,0.13,0.0,0.23015498074901694,0.129204859440971,0.16764791467605858,-2.4196330915039335,0.04553459297030249,-0.13
2015-10-20,1.3891600370407104,0.2187619137013432,1.5737802334374038,0.3247977678624684,0.011624478516834395,0.13,0.0,0.4241755899127396,0.30599470502671156,0.14168848746598553,0.564363510109397,0.22900964751019223,-0.13
2015-10-21,1.3909499645233154,0.21944812402219943,1.5792790310986218,0.3236649031551806,0.011612539478199855,0.13,0.0,0.1287666839743203,0.313188116512505,0.34879161947427545,-0.3494004853100781,-0.10275879364266333,-0.13
2015-10-22,1.392989993095398,0.21973876593556602,1.5807696342554323,0.3300533101797192,0.011623554010709622,0.12,0.0,0.14655696374821356,0.13235456815332206,0.09434052606264379,1.9545456346334724,0.09480537974267177,-0.13
2015-10-23,1.3942999839782717,0.21964397811687036,1.5450162454094996,0.328186424983866,0.011536488308265414,0.12,0.0,0.09399746636356732,-0.04314590021987657,-2.2877413604836407,-0.5672371635531539,-0.7518648834685764,-0.12
2015-10-26,1.396399974822998,0.22028363653650926,1.5388853721677833,0.329456160401783,0.011512333483598997,0.12,0.0,0.1504992490846025,0.29080187244864825,-0.39760550619978147,0.38614804572833017,-0.20959712151371607,-0.12
2015-10-27,1.391860008239746,0.21942552069492893,1.5402303582916375,0.32520092056305555,0.011507825918671557,0.12,0.0,-0.3256490157246345,-0.39031114856969995,0.08736184847430827,-1.3000087804924527,-0.039161892029338986,-0.12
2015-10-28,1.3961800336837769,0.22010656895183706,1.5409694539383167,0.3270891606760866,0.011588768512650843,0.12,0.0,0.30989719203428145,0.30989719203428145,0.04797453627780694,0.5789587920207033,0.7009078814037769,-0.12
2015-10-29,1.402109980583191,0.2208290679238932,1.5323605349611142,0.33221418863115365,0.011601108501592225,0.12,0.0,0.4238271048236828,0.32771205511214563,-0.5602354140414293,1.5547111028780725,0.10642566235721013,-0.12
2015-10-30,1.402750015258789,0.22102036852756143,1.542161354627751,0.3323264512212329,0.011592975332717265,0.07,0.0,0.04563754965707437,0.0865908609763878,0.6375529735494144,0.03378652392790108,-0.07013141166870691,-0.12
2015-11-02,1.400089979171753,0.22195113101512617,1.5437345075540918,0.32628525175191264,0.011619485848025907,0.12,0.0,-0.1898101133814653,0.4202364523618808,0.10195762481158523,-1.834576847098351,0.22841633748831772,-0.07
2015-11-03,1.398229956626892,0.22098016733084544,1.5402910248367334,0.3303165655917535,0.011575901027512447,0.12,0.0,-0.1329385389422622,-0.4384270171080348,-0.22331100129899573,1.2279480161579617,-0.37580637945963025,-0.12
2015-11-04,1.396039962768555,0.22067940609309278,1.5306112569205654,0.3247359925888921,0.01152846895987214,0.12,0.0,-0.15674894479889934,-0.1361959764223199,-0.6304205791400688,-1.7038962593400757,-0.410590155040165,-0.12
2015-11-05,1.4031599760055542,0.22181190956926136,1.5249584144935968,0.3268864227770974,0.011549592564640266,0.12,0.0,0.5087188302312096,0.5118771414877306,-0.37000294438743464,0.660025789218272,0.18306226148821464,-0.12
2015-11-06,1.4064300060272217,0.2219674179098019,1.5307580920934072,0.3227978073588769,0.011559382158240178,0.12,0.0,0.23277642069697685,0.07008363719374258,0.3795957217503818,-1.258663580280787,0.08472547400238041,-0.12
2015-11-09,1.421149969100952,0.22404659444184882,1.5253790542828936,0.32424138774738437,0.011535308476492853,0.12,0.0,1.0411798202067575,0.9323436195875362,-0.3520158361627242,0.44621185072733005,-0.20847813765846246,-0.12
2015-11-10,1.4220900535583496,0.22387362591786572,1.530099865144905,0.3351219454640355,0.011554474137006013,0.12,0.0,0.06612769123697071,-0.07723184831522818,0.30900652518882943,3.3006219586294376,0.1660099207998271,-0.12
2015-11-11,1.4207099676132202,0.22367045175587752,1.5254963309993597,0.3275411957063879,0.011542604821424786,0.12,0.0,-0.09709343205783799,-0.09079515787670495,-0.3013184552604748,-2.28806463166982,-0.10277764255306657,-0.12
2015-11-12,1.4185400009155271,0.22312858574788313,1.5267729473979441,0.3239045620126219,0.011555674684024356,0.12,0.0,-0.15285495424847215,-0.2425548079442389,0.083650317621799,-1.1164924869983535,0.11316742436470115,-0.12
2015-11-13,1.417739987373352,0.22293962494729658,1.5332885761841906,0.3235741327554333,0.011567722059520731,0.12,0.0,-0.05641287649278808,-0.08472283267844566,0.42585017214110304,-0.10206645826162888,0.10420075147311021,-0.12
2015-11-16,1.425130009651184,0.22394324125781068,1.524888165745395,0.3266399351510196,0.011646644667822304,0.13,0.0,0.5198998850690578,0.4491637848415487,-0.5493751522962005,0.9430202349348006,0.6799488721591206,-0.12
2015-11-17,1.4222999811172483,0.22358989080015046,1.520152146137036,0.32504513154677134,0.011538461493826622,0.13,0.0,-0.19877780840683973,-0.1579103336821577,-0.3110647441177151,-0.4894409491343111,-0.9332194416392073,-0.13
2015-11-18,1.4243099689483645,0.2236456981404953,1.5160137373935076,0.3293963940567386,0.011538012657211605,0.12,0.0,0.14121978075104066,0.02495657412537964,-0.2726077207347233,1.3297831692720818,-0.003889993004436887,-0.13
2015-11-19,1.420300006866455,0.22279565751977654,1.5154554112623941,0.33203973260110176,0.011498077225839155,0.12,0.0,-0.28193423858910527,-0.38080775321399357,-0.03683535012547117,0.7992767585984537,-0.3467209199330198,-0.12
2015-11-20,1.4131200313568115,0.2217354462912874,1.515735297305696,0.33183515285774207,0.01149700600335611,0.12,0.0,-0.5068073763253941,-0.47700294969858137,0.018467069281132016,-0.06163201962192251,-0.009316969833449422,-0.12
2015-11-23,1.4128299951553345,0.22162039139691522,1.503394457179894,0.33145573217020485,0.011493618241839828,0.12,0.0,-0.020526633505504488,-0.05190183016644471,-0.8175143077990709,-0.11440553081182264,-0.029470809532352763,-0.12
2015-11-24,1.4174599647521973,0.22219678313383956,1.508465687684577,0.33708917728182175,0.011532033960007362,0.12,0.0,0.327173101870638,0.2597430176481336,0.3367510477334263,1.6853253599872835,0.3336778778246806,-0.12
2015-11-25,1.4093999862670898,0.2209160194657313,1.500143779967175,0.3356913025518879,0.01150483668312369,0.12,0.0,-0.5702440492867002,-0.578077287424281,-0.5532076549260914,-0.41555211050770613,-0.23611965306360358,-0.12
2015-11-26,1.4043500423431396,0.22014516653720184,1.4921163954077485,0.3333373135787904,0.011447261483939621,0.12,0.0,-0.35894797296924724,-0.34954502362038103,-0.5365445079392281,-0.703706427651882,-0.5016998405133161,-0.12
2015-11-27,1.4076900482177734,0.22065490588939032,1.4927783077155254,0.33021112935463454,0.01147879068929451,0.12,0.0,0.23755048560574937,0.23127926299970175,0.04435079856814658,-0.9422695171209475,0.275051500311141,-0.12
2015-11-30,1.4130500555038452,0.2213077533047017,1.4954334263438367,0.33263889060381635,0.011504111653823885,0.08,0.0,0.3800430766617696,0.29543124359754386,0.17770623793328774,0.7325253170630052,0.22034618949604276,-0.12
2015-12-01,1.4101300239562988,0.22073981195528022,1.4909230378274856,0.3343124811845458,0.011444931697382085,0.13,0.0,-0.2068612349643311,-0.25695952497266117,-0.3020665483186924,0.5018639031901205,-0.5157521097365152,-0.08
2015-12-02,1.40625,0.2201117531087001,1.494261994957924,0.3312720937364152,0.011440833010825404,0.13,0.0,-0.2755328739732318,-0.28493004052172294,0.22370194719480838,-0.9136054862019001,-0.03581865541972967,-0.13
2015-12-03,1.4116100072860718,0.2209507224245491,1.4981427658589723,0.33557826919392814,0.011455456081171024,0.13,0.0,0.3804315144643947,0.3804315144643947,0.25937487652283236,1.2915147244222873,0.12773312107550785,-0.13
2015-12-04,1.3959200382232666,0.21853934714776346,1.5237804074870667,0.3337924401587633,0.011381050929146088,0.13,0.0,-1.1177178625267457,-1.0973624397572963,1.6968172441547826,-0.5335857238131666,-0.6516356926161436,-0.13
2015-12-07,1.3981200456619265,0.2187604733170844,1.5217135331607639,0.3274285835848082,0.011349297978356033,0.13,0.0,0.15747862072616475,0.10113253096368242,-0.135733295413431,-1.9249397248808704,-0.2793883329639179,-0.13
2015-12-08,1.4066699743270874,0.21985401622507322,1.523986433435553,0.329948629807574,0.011410366549770908,0.13,0.0,0.6096681097175588,0.49863613713811455,0.14925309266522221,0.7667009187652511,0.536639877929018,-0.13
2015-12-09,1.4076000452041626,0.2196903602266956,1.5334335231183616,0.3310909458590068,0.011452095937312737,0.14,0.0,0.066096778523822,-0.07446620396388447,0.6179798576790797,0.3456123447196122,0.3650475875535297,-0.13
2015-12-10,1.404229998588562,0.21879556718284646,1.5471733650809227,0.3295540828550694,0.011538455495490004,0.14,0.0,-0.23970497339893082,-0.4081290777915857,0.8920276795593265,-0.46526219361300997,0.7512648368288685,-0.14
2015-12-11,1.4032200574874878,0.21830486613055686,1.5362602001549561,0.3248570592432778,0.011529209334013591,0.14,0.0,-0.07194722074959267,-0.22452563348537632,-0.7078609130764312,-1.4355208735845373,-0.08016556543476758,-0.14
2015-12-14,1.412999987602234,0.21922951068058108,1.5520309281071434,0.3254260675079296,0.011688021754752573,0.15,0.0,0.6945458290157028,0.4226620697899065,1.0213327945279644,0.17500328286714634,1.3680778480208395,-0.14
2015-12-15,1.408120036125183,0.21834704015288364,1.5479460578598747,0.32785099210992724,0.01162870657123444,0.15,0.0,-0.34595878964731347,-0.40334507066496156,-0.2635421249918902,0.7423912117090592,-0.5087790245664594,-0.15
2015-12-16,1.4053000211715698,0.21784219107664815,1.5368714996728698,0.3294572731331694,0.011549619773371092,0.15,0.0,-0.20046888417654482,-0.23148178153943574,-0.7180071792280733,0.4887460893618139,-0.6824229119103559,-0.15
2015-12-17,1.4104299545288086,0.21822132730159519,1.5337762961997896,0.3274738569913713,0.011517192817854066,0.37,0.0,0.3643772007532128,0.1738904102286297,-0.20159944918092107,-0.6038447799449408,-0.2811569804005925,-0.15
2015-12-18,1.417829990386963,0.2190138530043422,1.5375096281258038,0.33177255218848006,0.011578848719663574,0.37,0.0,0.5232936780157975,0.362517293385236,0.24311209420258317,1.3041424461232451,0.5339100916741139,-0.37
2015-12-21,1.4122099876403809,0.2182198879891339,1.5350609947205385,0.32903309596648184,0.011642291443618526,0.36,0.0,-0.39716825047211657,-0.3631768610020746,-0.15938666505734106,-0.8291309020958919,0.5464234862208525,-0.37
2015-12-22,1.4074300527572632,0.21750480149556556,1.5359255793684525,0.3277666520713488,0.011611884212612137,0.36,0.0,-0.33904607634322953,-0.32822888067591993,0.05630663956993381,-0.38564127603694215,-0.26152075899207855,-0.36
2015-12-23,1.4038699865341189,0.2170216998203679,1.537241022506777,0.32716616703036017,0.011599355537416247,0.36,0.0,-0.2532684577518453,-0.22235784136737882,0.0856083245119307,-0.1833730702567552,-0.107953530682172,-0.36
2015-12-24,1.4044300317764282,0.21714184132067627,1.5321165846639673,0.32737297069107596,0.011613098442375815,0.36,0.0,0.03988500132336656,0.05534389325238587,-0.33390977917410347,0.06319061937753392,0.11840976897368946,-0.36
2015-12-25,1.4038699865341189,0.21707203932843033,1.5400403586141211,0.32716616703036017,0.011682366713199393,0.36,0.0,-0.03988500132337261,-0.03215097257731847,0.515845490135241,-0.06319061937753202,0.5946949288815363,-0.36
2015-12-28,1.4044300317764282,0.2171586357825396,1.5400972139596405,0.3271289542847426,0.011681097212702038,0.36,0.0,0.03988500132336656,0.03988500132338875,0.0036917406567912162,-0.011374911548449948,-0.010867399651281051,-0.36
2015-12-29,1.406999945640564,0.21717318454010465,1.544219293418891,0.3286615044395643,0.011690901233730483,0.36,0.0,0.18281903519273895,0.006699374482705927,0.2672930552744434,0.4673910467492607,0.08389544972764855,-0.36
2015-12-30,1.411910057067871,0.21806233908550487,1.542936181820096,0.3279545722127727,0.01171427677100682,0.35,0.0,0.3483698584496533,0.40858603405073224,-0.08312582135698462,-0.21532597969223843,0.1997467829019222,-0.36
2015-12-31,1.4145300388336182,0.21825124841249252,1.546644448617144,0.32942011872956106,0.011743711703383827,0.2,0.0,0.1853909813937814,0.08659337880136485,0.2400499628476983,0.44587933335588115,0.25095883952417547,-0.35
2016-01-01,1.4192800521850586,0.21889971717922907,1.5412047651489047,0.3296664543427767,0.011799015931929625,0.2,0.0,0.3352389643248089,0.29667977125683814,-0.35232867402563267,0.0747506123627027,0.46982092415755194,-0.2
2016-01-04,1.4184999465942385,0.21877939921031408,1.5396386375118716,0.3260544562160362,0.011790276714977734,0.36,0.0,-0.05497999216335155,-0.05497999216335155,-0.10166876840174892,-1.1016987874155257,-0.07409478090356336,-0.2
2016-01-05,1.4260200262069702,0.21853372833245985,1.5440302701202455,0.3274067165118666,0.011936517967013904,0.36,0.0,0.5287427899588184,-0.11235468968349638,0.2848318486192678,0.41387683998703445,1.2327253293804843,-0.36
2016-01-06,1.4259300231933594,0.21895279308334595,1.5331590563500868,0.32297396047878557,0.011972343492258024,0.36,0.0,-0.006311682328349503,0.19157841832561218,-0.7065706945408151,-1.3631477163685206,0.2996843000472213,-0.36
2016-01-07,1.4358899593353271,0.21933034340476748,1.5477455195923824,0.3261903624514889,0.012105977168421087,0.36,0.0,0.6960589006867178,0.1722860787368658,0.9469019160183799,0.9909442583785082,1.1100030615491747,-0.36
2016-01-08,1.4328999519348145,0.21767001498405472,1.5655830539661224,0.3250680477347747,0.012190743072773999,0.36,0.0,-0.20845085040503275,-0.759878740599076,1.1458944428914306,-0.3446606785162977,0.6977587709428571,-0.36
2016-01-11,1.443519949913025,0.21916342718092635,1.5793606815888097,0.3289324096264057,0.012329346834107592,0.36,0.0,0.7384211343660803,0.6837471085896772,0.8761820193221458,1.181774973551484,1.1305442854204333,-0.36
2016-01-12,1.434630036354065,0.2187102658431585,1.5577211966068205,0.3265718177199109,0.012194050299595588,0.36,0.0,-0.6177538955757882,-0.20698274720446452,-1.3796151358631648,-0.72024008772654,-1.1034189635744378,-0.36
2016-01-13,1.4370299577713013,0.21897599356515066,1.5583134848764642,0.3276775676139984,0.012195789997794644,0.36,0.0,0.1671452735267059,0.12142385049963118,0.03801551249068862,0.33802124135462963,0.014265761323517553,-0.36
2016-01-14,1.4383399486541748,0.21907879513462547,1.5657786395284745,0.3283506451915589,0.012249009250782757,0.36,0.0,0.09111808331730095,0.04693548570359414,0.47790964947663295,0.2051978255186714,0.4354246196168614,-0.36
2016-01-15,1.436519980430603,0.21830946442236343,1.5599087537598137,0.32496777398316806,0.012152990574064436,0.36,0.0,-0.12661267064098627,-0.35178425064597046,-0.3755905137357584,-1.0356057147248456,-0.7869778950149678,-0.36
2016-01-18,1.4397499561309814,0.21897670279684653,1.5722085077635768,0.3272902707879964,0.012306607252079075,0.36,0.0,0.22459484883972292,0.30517265001115396,0.7853995366588232,0.7121434956176571,1.2561015834621783,-0.36
2016-01-19,1.4384100437164309,0.21897273820479735,1.567151443677233,0.3294722789382755,0.012253884778232544,0.36,0.0,-0.09310896624386394,-0.0018105249958643265,-0.3221719419693638,0.6644764320622005,-0.4293281646339379,-0.36
2016-01-20,1.4369200468063354,0.21875590048400212,1.5681079504260111,0.32783939780350285,0.012222345230014253,0.37,0.0,-0.10364006890039787,-0.0990740469627428,0.06101611753416489,-0.4968372087348152,-0.25771587915408306,-0.36
2016-01-21,1.4369200468063354,0.21876257038781968,1.5629398325771149,0.33097319156904853,0.012267317891149267,0.37,0.0,0.0,0.003048970163372707,-0.3301209627305186,0.9513532230547761,0.36727913705471477,-0.37
2016-01-22,1.4332499504089355,0.21815067168354504,1.556797461347628,0.33664119615282306,0.012154013658300518,0.38,0.0,-0.25574083773897643,-0.2801009653247443,-0.3937754104081916,1.698028345510727,-0.9279186567465965,-0.37
2016-01-25,1.4291199445724487,0.21755186641271548,1.5433093915902134,0.3341563534802823,0.012052760866749468,0.38,0.0,-0.28857267607178744,-0.27486901979437417,-0.8701735460808429,-0.7408655680382042,-0.8365706216715585,-0.38
2016-01-26,1.4310400485992432,0.2178342139053192,1.5531148848983207,0.33653319868006604,0.012104070837834385,0.38,0.0,0.13426551800106679,0.12969984340243898,0.6333451238920648,0.7087795366880828,0.42480776349079596,-0.38
2016-01-27,1.426509976387024,0.21704221022594208,1.5498972068627952,0.33645690465224953,0.012050261948674245,0.38,0.0,-0.31706013666025074,-0.36424350048734927,-0.2073906961150657,-0.022673150099996514,-0.44554307211421434,-0.38
2016-01-28,1.4325000047683716,0.2181095640778514,1.5625681693711186,0.3445580461959174,0.012091974727820405,0.38,0.0,0.419028767684767,0.4905672252677834,0.8142119495270552,2.3792498798587105,0.3455588743753865,-0.38
2016-01-29,1.4273600578308103,0.2174130399698668,1.5610995146196274,0.3454404812131697,0.012001682116944317,0.29,0.0,-0.35945482362035924,-0.31985696969437094,-0.09403400158336067,0.2557789511989389,-0.7495170547099486,-0.38
2016-02-01,1.4243899583816528,0.21693089234581278,1.542031490772473,0.34273096999872876,0.011738833042447201,0.38,0.0,-0.20830020206435831,-0.2220119984284783,-1.2289693094364842,-0.7874564429475388,-2.214440704906732,-0.29
2016-02-02,1.4232300519943235,0.21667834972409664,1.5509339742643673,0.33914693470904234,0.011777806149668469,0.38,0.0,-0.08146497406613239,-0.11648397947692608,0.575661653981843,-1.051234618598604,0.3314516379897399,-0.38
2016-02-03,1.429800033569336,0.21763220422548654,1.561633109279228,0.34527894341816145,0.011929315178851166,0.38,0.0,0.4605624891002652,0.4392506819663587,0.6874825099208879,1.791917279835973,1.2781905473586532,-0.38
2016-02-04,1.4166699647903442,0.2157255952059821,1.5712320131260782,0.34662833418503664,0.01199348062859182,0.38,0.0,-0.9225575476150297,-0.8799293904478086,0.6127894760376341,0.390050089468992,0.5364390026102543,-0.38
2016-02-05,1.396880030632019,0.21310795500673194,1.5645006453364232,0.3362734944761385,0.011952835407491647,0.38,0.0,-1.406782219218914,-1.2208339155066201,-0.4293336749408049,-3.0328322364154623,-0.33946983804776576,-0.38
2016-02-08,1.4073699712753296,0.2144106358390573,1.5685196016441694,0.3373774186210531,0.012033946199230601,0.38,0.0,0.7481493850666467,0.609416709304023,0.2565549020010866,0.3277439729129889,0.6762983231512879,-0.38
2016-02-09,1.4067800045013428,0.21432075531459238,1.5741604369107165,0.3383878974455439,0.012162223029785429,0.38,0.0,-0.041928595683107694,-0.041928595683107694,0.3589828589018772,0.29906227904713856,1.0603168721078366,-0.38
2016-02-10,1.397449970245361,0.21289933904306824,1.5777202780844843,0.3405092444129651,0.012131589684014406,0.38,0.0,-0.6654282114799567,-0.6654282114799567,0.22588689162646758,0.6249411702443767,-0.2521906492621144,-0.38
2016-02-11,1.391010046005249,0.21191822655718326,1.5691918523126276,0.33758282159601866,0.012282432623698764,0.38,0.0,-0.46189908783106787,-0.46189908783107897,-0.5420200055082032,-0.8631397216028402,1.2357231206661548,-0.38
2016-02-12,1.3896299600601196,0.21170797260047877,1.5727802841034446,0.3353758923506847,0.012352595533246838,0.38,0.0,-0.09926391445418214,-0.09926391445417104,0.22841917084216162,-0.6558908031944943,0.569620613496007,-0.38
2016-02-15,1.3966200351715088,0.21277289971970498,1.5678442628230582,0.3385745539809718,0.012286619668065287,0.38,0.0,0.5017561086389388,0.5017561086389388,-0.3143339976405819,0.9492346701505305,-0.5355367232642178,-0.38
2016-02-16,1.3985899686813354,0.21562548175720325,1.5627925039583632,0.3336888308973829,0.012233778151670005,0.38,0.0,0.14095068586989684,1.3317623602999584,-0.32273071747055293,-1.4535401491816962,-0.4310011491923725,-0.38
2016-02-17,1.4051799774169922,0.21595229884189882,1.566358252037844,0.3377024882054133,0.012317496098027554,0.37,0.0,0.47008285256840204,0.15145225813635452,0.22790526254105434,1.1956380751716569,0.6819871749807495,-0.38
2016-02-18,1.40447998046875,0.2154672181863377,1.5621996201516595,0.33696734786801863,0.012289814451093497,0.38,0.0,-0.04982787762345352,-0.22487664133581756,-0.26584992225671594,-0.21792603997704404,-0.2249872740515137,-0.37
2016-02-19,1.4035300016403198,0.21563575393684795,1.5594604533253573,0.3341101744937067,0.012393200897486268,0.38,0.0,-0.06766207176796447,0.0781881684861766,-0.17549428604274322,-0.851523272158655,0.837718160006286,-0.38
2016-02-22,1.4064799547195437,0.21596952310354472,1.5645635165914629,0.3371640621517169,0.012503266759960116,0.38,0.0,0.20996040645665034,0.1546641113934239,0.326698377097783,0.9098840861951689,0.8841943448853702,-0.38
2016-02-23,1.3994899988174438,0.21491600466131436,1.5433622582805384,0.3324204242604777,0.012388046405717166,0.38,0.0,-0.49822132644493244,-0.48900251862064636,-1.3643560834112112,-1.4169137278592656,-0.9257942835839339,-0.38
2016-02-24,1.4080499410629272,0.216054682586945,1.5526652235117098,0.333858890578908,0.012585359095724424,0.38,0.0,0.6097842917965524,0.5284259969265037,0.6009632204133291,0.431791448821951,1.5802153683809723,-0.38
2016-02-25,1.4044899940490725,0.215356427683389,1.5468974352310172,0.3340603711715113,0.012528791179817856,0.37,0.0,-0.2531483283522073,-0.3237077101932443,-0.3721683071549299,0.0603308244731506,-0.45048716322111115,-0.38
2016-02-26,1.400820016860962,0.21473442542090646,1.5444031801983726,0.3368570280932007,0.012383706074392499,0.37,0.0,-0.2616451848462015,-0.2892424666269977,-0.16137256671004377,0.8336862698164221,-1.1647707914489704,-0.37
2016-02-29,1.4088200330734253,0.21573258550178123,1.538987550889729,0.3360895065569373,0.012395037723750144,0.29,0.0,0.5694706574581326,0.46375766063779894,-0.3512778852798731,-0.22810783013165709,0.09146266848640251,-0.37
2016-03-01,1.40447998046875,0.21462101903100483,1.529334860133531,0.34097596377195216,0.012492039283611867,0.36,0.0,-0.3085384443000043,-0.5165840048727822,-0.6291856791380619,1.4434474276492546,0.7795375169804759,-0.29
2016-03-02,1.4009499549865725,0.21414377113099065,1.5236659796207164,0.33929520260727947,0.012296585194715636,0.37,0.0,-0.25165678176943607,-0.22261533971931324,-0.371364917693262,-0.49414547251283875,-1.5769986730313317,-0.36
2016-03-03,1.398710012435913,0.21383733925881818,1.520254238384382,0.3400291654857311,0.012327128569810981,0.37,0.0,-0.1600153629133588,-0.14319880812365643,-0.22416767987891117,0.21608621698778938,0.2480811063039929,-0.37
2016-03-04,1.3891799449920654,0.21301539851674875,1.5210055207195126,0.3426266887908753,0.012221166247643961,0.36,0.0,-0.6836786752900761,-0.38511724780731016,0.049405996851373236,0.7610088816557242,-0.8633021646530394,-0.37
2016-03-07,1.376539945602417,0.21183730431026138,1.5133631531671767,0.3392581600560523,0.012095814070123013,0.36,0.0,-0.9140540542779579,-0.5545909056060234,-0.5037215007911343,-0.9880131939038784,-1.0309938671522973,-0.36
2016-03-08,1.3794499635696411,0.2120012796659238,1.5196029723347237,0.3356734363349573,0.01215888588362329,0.36,0.0,0.2111777723859102,0.07737632676348286,0.4114670400496799,-1.0622579971999224,0.5200802795845499,-0.36
2016-03-09,1.3857300281524658,0.2133632096565931,1.5248581087637658,0.3378181248792504,0.01230010636524171,0.36,0.0,0.45422543192011655,0.6403612331652518,0.34522639694423013,0.6368886909154771,1.1547658993643894,-0.36
2016-03-10,1.3819700479507446,0.21251270093172797,1.518648313822979,0.3355110614298007,0.012202502962922393,0.36,0.0,-0.2717044774687682,-0.39941674766101853,-0.4080690293171362,-0.6852732733559621,-0.7966818329737974,-0.36
2016-03-11,1.380489945411682,0.21242882222557463,1.5431710660633224,0.3396206500249926,0.01223187965573219,0.36,0.0,-0.10715830703441304,-0.03947776466723556,1.6018761118850504,1.2174333640946686,0.24045385080907208,-0.36
2016-03-14,1.3735500574111938,0.21179437247898264,1.53397294048645,0.334319108223407,0.012072193735914241,0.36,0.0,-0.5039798029473801,-0.2991115184339568,-0.5978370172510111,-1.5733308791759584,-1.3140860393882952,-0.36
2016-03-15,1.3763500452041626,0.2120724335506457,1.5280214244469619,0.3311479014312457,0.012091276667525028,0.37,0.0,0.20364294382514309,0.13120211707801266,-0.38873510691841284,-0.9530843006041577,0.1579486328700273,-0.36
2016-03-16,1.3811999559402466,0.2123452954986557,1.5343767389548904,0.34082665859328265,0.012211660978263664,0.37,0.0,0.35175541584434616,0.12858180369391942,0.4150553450240639,2.8808907771808614,0.9907057091842867,-0.37
2016-03-17,1.366479992866516,0.20984029104054328,1.5330453820021004,0.33962470598399525,0.012119341618607405,0.37,0.0,-1.0714569506748257,-1.1866979523822698,-0.08680624862784433,-0.3532813429338247,-0.7588655858019386,-0.37
2016-03-18,1.3509700298309326,0.2089667436883431,1.5290250558794867,0.33410907572011433,0.012132645247812124,0.37,0.0,-1.141521008820269,-0.41716043264418845,-0.26258889299132543,-1.637368836302425,0.10971167527363385,-0.37
2016-03-21,1.3579299449920654,0.2101538289878715,1.53161501851676,0.3367464390934358,0.012184754351568553,0.37,0.0,0.5138565868392828,0.5664663350947051,0.1692432427548922,0.7862727226450169,0.42857529485185797,-0.37
2016-03-22,1.3608800172805786,0.21018750985033385,1.5290786310000897,0.342635577528146,0.012135653234122652,0.37,0.0,0.21701211097587833,0.01602548187504826,-0.1657394295363557,1.73371852713294,-0.4037858657275233,-0.37
2016-03-23,1.3602999448776243,0.2099195864826113,1.5266601268231879,0.33775292199642915,0.012118269235213202,0.37,0.0,-0.04263388822551106,-0.1275500492064769,-0.15829263386504247,-1.4352798011443504,-0.14335002437915367,-0.37
2016-03-24,1.3671200275421145,0.21044594325092641,1.5285843010052533,0.3404607157675339,0.01216298940376215,0.37,0.0,0.5001134367573591,0.2504282612006363,0.12595878869403143,0.7985118576812931,0.36835173809215505,-0.37
2016-03-25,1.3687299489974976,0.21042168129315694,1.5285898706544288,0.3409465439967635,0.012130904252283511,0.37,0.0,0.1176907838525638,-0.011529495918162873,0.0003643658400001962,0.14259557836797462,-0.26414185052414285,-0.37
2016-03-28,1.372380018234253,0.21027809253161178,1.5315715967563222,0.3428378947739574,0.012096783209790263,0.37,0.0,0.26632068306520246,-0.0682618703667895,0.19487383768860111,0.5532022940015133,-0.2816700116821728,-0.37
2016-03-29,1.368299961090088,0.2104753078518966,1.5328686785868513,0.34531228470878034,0.012069969128154367,0.37,0.0,-0.29774072048330635,0.09374390536008438,0.08465375673499836,0.7191455216015519,-0.22190894551689808,-0.37
2016-03-30,1.354449987411499,0.20821995601155394,1.529449583411946,0.3464509598978048,0.012020322894419485,0.37,0.0,-1.0173606389851781,-1.0773342088570363,-0.22330119230684728,0.3292098059002078,-0.4121685529761594,-0.37
2016-03-31,1.351099967956543,0.20930736247320925,1.531425239220198,0.3497087942543068,0.012024099818876054,0.25,0.0,-0.24764068098864553,0.520880369789225,0.12909094275953403,0.9359513012231918,0.031416220989535296,-0.37
2016-04-01,1.348270058631897,0.20939121470320202,1.534286981689661,0.3472685336289949,0.011986753364092833,0.37,0.0,-0.20967191111379505,0.040053745431514534,0.18669353771360161,-0.700243895754014,-0.3110800321477437,-0.25
2016-04-04,1.3488099575042725,0.20851652598399914,1.53629992615555,0.34524673558233715,0.012072912730084746,0.37,0.0,0.04003580734401846,-0.4186043527336832,0.13111140082724787,-0.5839015775753061,0.7162172073543983,-0.37
2016-04-05,1.3526999950408936,0.20911789840757203,1.540590403106421,0.3438222844382228,0.012159101079019267,0.37,0.0,0.2879900717422332,0.2879900717422332,0.278884150720697,-0.4134428139410718,0.7113623578038649,-0.37
2016-04-06,1.3552900552749634,0.2095604144272568,1.5425915245295414,0.35056649698409126,0.01227862504765002,0.37,0.0,0.19129029100846942,0.21138720153369445,0.12980886312155154,1.9425499957332413,0.9782000263783129,-0.37
2016-04-07,1.346060037612915,0.20801743581150264,1.5351786769926434,0.3416829561312851,0.012270486224296374,0.37,0.0,-0.6833659661982059,-0.7390169939794722,-0.4817034011888937,-2.566713058433354,-0.06630646267946068,-0.37
2016-04-08,1.3529000282287598,0.20965442644241947,1.5387853086037353,0.34591292963777515,0.012477519472627709,0.37,0.0,0.506862279751394,0.7838684675311373,0.23465683286785455,1.2303816693482996,1.6731697960033949,-0.37
2016-04-11,1.3479299545288086,0.20879363405632728,1.53704843142782,0.3505669556564389,0.012444996276909464,0.37,0.0,-0.3680408868251438,-0.4114219572537193,-0.11293701203171365,1.3364622264729826,-0.2609946323792964,-0.37
2016-04-12,1.3438299894332886,0.20836188416882911,1.5337022238178122,0.34963705601090567,0.012450940291240277,0.37,0.0,-0.30463104820014936,-0.20699716187284517,-0.21794077801670256,-0.2656083589139456,0.04775088036946048,-0.37
2016-04-13,1.3435300588607788,0.20811854880061667,1.5296066964417605,0.3483987289865928,0.012366808416871131,0.37,0.0,-0.022321577188400315,-0.11685321884937849,-0.26739254334911183,-0.35480367912094757,-0.6780002299369855,-0.37
2016-04-14,1.3502999544143677,0.20875331675465886,1.5230091193663355,0.34889669339137225,0.012340522546248758,0.37,0.0,0.5026233854815397,0.3045388749308794,-0.432257954903136,0.14282740814039271,-0.21277798544030077,-0.37
2016-04-15,1.3624800443649292,0.2104996520560665,1.5355174112206669,0.3495331051047326,0.012463683456973547,0.37,0.0,0.897984488511064,0.8330747930954344,0.8179338295438303,0.1822407608800967,0.9930728915745035,-0.37
2016-04-18,1.3613300323486328,0.21054968285343556,1.5382956273192576,0.34964171080130135,0.012602924112749226,0.37,0.0,-0.08444142963280538,0.023764814930899544,0.1807668078884381,0.031066821908196204,1.1109767251588978,-0.37
2016-04-19,1.3499499559402466,0.20880250679518034,1.5266610142432029,0.35298346779965156,0.012376573305155642,0.37,0.0,-0.8394664724659412,-0.8332786669618116,-0.7592061044233388,0.9512275670956215,-1.81234233293641,-0.37
2016-04-20,1.3385299444198608,0.2075851686127108,1.5205210801277644,0.3452934301456915,0.012253112143860606,0.37,0.0,-0.8495566736470891,-0.5847155056140971,-0.40299150065668765,-2.2026644704062357,-1.0025478858941281,-0.37
2016-04-21,1.34375,0.207985073745616,1.519116848707199,0.3447457567817297,0.012233926613388665,0.37,0.0,0.38922575409574883,0.1924609683682918,-0.09239465708340255,-0.15873692084070412,-0.15669950611775893,-0.37
2016-04-22,1.349429965019226,0.2085059979113738,1.5237809568639449,0.3454938627269877,0.012330656073085247,0.37,0.0,0.42180422507495485,0.25014914981192826,0.30655724295943726,0.2167671101591338,0.7875563032921905,-0.37
2016-04-25,1.3541300296783447,0.20861654491929324,1.5212380327586175,0.3462982441239664,0.012151639201160552,0.37,0.0,0.34769484704065173,0.05300457259270197,-0.16702192696634768,0.23255014086391632,-1.4624450894351224,-0.37
2016-04-26,1.3520300388336182,0.20855006635855272,1.5236029158614885,0.3462038954176782,0.012165545093650514,0.37,0.0,-0.15520081688346593,-0.03187146790086152,0.15533708448538672,-0.02724863981920668,0.11437092253114803,-0.37
2016-04-27,1.35125994682312,0.20841519951077025,1.5267956726899,0.34718909576812523,0.012148340430117305,0.37,0.0,-0.05697443007711546,-0.0646897300687648,0.20933382321247873,0.28416814878166874,-0.14152132441267273,-0.37
2016-04-28,1.348289966583252,0.2079090113838711,1.5274785062712795,0.3476766269439675,0.012090118428703162,0.37,0.0,-0.22003530465541538,-0.24317028079779554,0.04471331339273094,0.1403238755074378,-0.48041101730920477,-0.37
2016-04-29,1.3443299531936646,0.20791072623658968,1.526606792776846,0.3434670264184108,0.012438746789171647,0.3,0.0,-0.29413852401428814,0.0008248058297597201,-0.05708507999938134,-1.2181700755006284,2.8427881645706625,-0.37
2016-05-02,1.3437000513076782,0.20787117702601024,1.5402868366800107,0.34305192343944596,0.0126224720235952,0.37,0.0,-0.046867177558396186,-0.01902401734581596,0.8921166682382359,-0.12092980962523427,1.466237754064178,-0.3
2016-05-03,1.3412100076675415,0.20748596583113263,1.5457426599882496,0.337029774852463,0.012605830677226702,0.37,0.0,-0.18548437745374563,-0.18548437745374563,0.353582426753264,-1.7710536871604485,-0.13192602752123708,-0.37
2016-05-04,1.3513599634170532,0.20848528909788042,1.5546095533280493,0.3363432755312555,0.012667416193768884,0.37,0.0,0.7539268383666166,0.4804780029531548,0.5719942061481176,-0.20389873300036215,0.4873583418371875,-0.37
2016-05-05,1.3575700521469116,0.2093464842487039,1.5602639717963456,0.33837737381584054,0.012697063930003085,0.37,0.0,0.4584909593753139,0.4122215806736663,0.363059664137471,0.6029471452932612,0.23377376229785216,-0.37
2016-05-06,1.3581000566482544,0.20914761037658128,1.549051630772837,0.3401202219555745,0.012659986365235593,0.37,0.0,0.03903305532992233,-0.09504262528295479,-0.7212127076981175,0.5137385847215196,-0.292444040302913,-0.37
2016-05-09,1.3613799810409546,0.2097593251485423,1.5503348500401726,0.335935856367815,0.012680513909290082,0.37,0.0,0.24121713986618457,0.2920530336867268,0.08280473239465665,-1.237891102600731,0.16201375917792096,-0.37
2016-05-10,1.371880054473877,0.21083466620665256,1.5622922976284597,0.3397004114130155,0.01266378080366861,0.37,0.0,0.7683224391198448,0.5113451087387836,0.7683224391198448,1.1143848201146989,-0.13204635001556186,-0.37
2016-05-11,1.3681800365447998,0.21022080616934968,1.5562177615323662,0.34061443474709874,0.01252980963684602,0.37,0.0,-0.27006854266496355,-0.2915817570346487,-0.3895798739620598,0.26870614075302107,-1.063543760899876,-0.37
2016-05-12,1.3670899868011477,0.2109055867557852,1.5621743208670866,0.3397763137731929,0.012609786240433,0.37,0.0,-0.07970326820049478,0.3252140931955874,0.38202807227336555,-0.2463647248723387,0.6362622039325978,-0.37
2016-05-13,1.373170018196106,0.21103614393024522,1.5622489292726272,0.34050038457468285,0.01258634314758333,0.37,0.0,0.4437565312190525,0.06188398498263174,0.0047758193805140965,0.21287545984785966,-0.18608492799402132,-0.37
2016-05-16,1.372789978981018,0.210486049295839,1.5535800903045498,0.34184719837686806,0.012633695066812757,0.37,0.0,-0.02767988010786987,-0.26100402566265135,-0.5564401179302496,0.39475938212157136,0.37551073054414447,-0.37
2016-05-17,1.3693900108337402,0.20998727932123037,1.549609602531234,0.340729035241813,0.012553996954956778,0.37,0.0,-0.24797569103133627,-0.2372422575236029,-0.2558973400278384,-0.32763055031681443,-0.6328358927600493,-0.37
2016-05-18,1.3705099821090698,0.2102460627797311,1.5508769684599173,0.33706590930946567,0.012579256727837674,0.37,0.0,0.0817527165657138,0.1231618081130677,0.0817527165657138,-1.0809055532336287,0.20100685493898185,-0.37
2016-05-19,1.381600022315979,0.2116162265738993,1.5505651332490373,0.33879352600609947,0.01254403513684629,0.37,0.0,0.8059343715656345,0.6495809872766573,-0.02010904616010878,0.5112366178970713,-0.2803901197080034,-0.37
2016-05-20,1.3791999816894531,0.21098362304758092,1.545529834827903,0.3392198133816746,0.012551760750801156,0.37,0.0,-0.1738656351520696,-0.29938676002837095,-0.32526798515388566,0.1257460309352487,0.06156899134421511,-0.37
2016-05-23,1.3809599876403809,0.21126256916079442,1.549672982288996,0.3412726843791855,0.012548477504275027,0.37,0.0,0.1275292888107844,0.1321248877742358,0.2677142778953096,0.6033504357056598,-0.02616107872354615,-0.37
2016-05-24,1.3785500526428225,0.210603913594838,1.5461876990497674,0.33775573553956145,0.012604001368874117,0.37,0.0,-0.1746640218773868,-0.3122580854680398,-0.22515772319169233,-1.0358860352642612,0.441498868313747,-0.37
2016-05-25,1.3816800117492676,0.21103371959336578,1.5389104879874935,0.33972954058433014,0.012541345508878613,0.37,0.0,0.22678982367197661,0.2038746608794983,-0.47176615576430936,0.5826873878901883,-0.4983505693781101,-0.37
2016-05-26,1.3783799409866333,0.21062941909237354,1.5381301229389095,0.3398791593180482,0.012518094833600543,0.37,0.0,-0.239130482070858,-0.1917647466882338,-0.05072179174648416,0.044030847797207236,-0.1855642554830435,-0.37
2016-05-27,1.373530030250549,0.2097953329244007,1.5372639671075203,0.33590852400307625,0.01251930092462592,0.37,0.0,-0.3524763388360096,-0.39678313813383653,-0.05632812114024902,-1.1751267759714141,0.009634316907055903,-0.37
2016-05-30,1.380010008811951,0.21058245907486622,1.533191204019204,0.3361778324969227,0.012458337551988469,0.37,0.0,0.47066615570276427,0.37448556290580237,-0.2652874085381372,0.08014104308343177,-0.4881445757974496,-0.37
2016-05-31,1.37923002243042,0.2098230792148309,1.5376203472564498,0.33504920579650516,0.012443319528870567,0.29,0.0,-0.05653632112286743,-0.3612610285822538,0.28846747738564105,-0.3362879322976738,-0.12061867923030364,-0.37
2016-06-01,1.3774299621582031,0.20956198941264637,1.533903400163581,0.33179089184222005,0.01244628160249413,0.37,0.0,-0.13059721098164268,-0.12451079232243055,-0.24202638253280195,-0.9772477380670284,0.023801696314170513,-0.29
2016-06-02,1.3772599697113037,0.20978506484559536,1.5410246369371805,0.33243058842946555,0.012580359369809222,0.37,0.0,-0.012342038582889164,0.10639180684628693,0.46318153915067656,0.1926155067314657,1.0714905787092186,-0.37
2016-06-03,1.375499963760376,0.20921742280054012,1.5339577823256434,0.33738040621565457,0.01263549472761604,0.37,0.0,-0.1278721162239239,-0.27094941393597954,-0.45963625735120195,1.4780013861374386,0.4373077783545966,-0.37
2016-06-06,1.3585200309753418,0.2072557551745139,1.5420554489546132,0.3346932805785483,0.012729641049360762,0.37,0.0,-1.2421380339301848,-0.9420448840757003,0.5265052342914991,-0.7996563498671255,0.7423319544208065,-0.37
2016-06-07,1.3553600311279297,0.20680521364651494,1.5402343496057256,0.3342029394473839,0.012615275661026463,0.37,0.0,-0.23287700290367813,-0.2176209494419556,-0.11816536924199066,-0.14661204662754296,-0.902478125010163,-0.37
2016-06-08,1.3514800071716309,0.20597119442855957,1.5349877978669042,0.33608038725634176,0.012600742488474176,0.37,0.0,-0.28668311084527004,-0.4041027232145739,-0.34121481815498367,0.5601967538215082,-0.1152693821467998,-0.37
2016-06-09,1.3462300300598145,0.20545289234402894,1.535652917045411,0.3332252581117201,0.012607511195447113,0.37,0.0,-0.38921779339061924,-0.25195528185262855,0.043321199102102144,-0.8531667058064981,0.05370230893802148,-0.37
2016-06-10,1.3540600538253784,0.20666362093483953,1.532123478314446,0.3322846913383199,0.012644132039682256,0.37,0.0,0.5799410780335771,0.5875678527906721,-0.23009762338080153,-0.28266065756491354,0.2900474204205208,-0.37
2016-06-13,1.3609999418258667,0.20772282239271528,1.529763384281182,0.33304781253515164,0.012778862483140746,0.37,0.0,0.5112154520038928,0.5112154520038928,-0.15415948443393115,0.22939553592595646,1.0599200237475677,-0.37
2016-06-14,1.356070041656494,0.20622444479219434,1.531140738231329,0.33082948261248596,0.012765895996726052,0.37,0.0,-0.3628839602425584,-0.7239492870197654,0.08999654925360628,-0.6682976493277376,-0.1015197504297963,-0.37
2016-06-15,1.3556100130081177,0.2058164394538088,1.5200488769086036,0.33277119799119015,0.012778286111829277,0.37,0.0,-0.033929419659827174,-0.19804125626175545,-0.7270547938479626,0.5852076337220669,0.09700929959116418,-0.37
2016-06-16,1.3506200313568115,0.2055175117457008,1.5211569408026833,0.3299990190166306,0.012759754849566861,0.38,0.0,-0.3687777627688895,-0.14534553243700415,0.07287003968352894,-0.8365478925006149,-0.14512675849285483,-0.37
2016-06-17,1.3468400239944458,0.20462474464724553,1.5154658846998785,0.32986528620972516,0.012858521072085008,0.38,0.0,-0.2802643790136699,-0.4353457828644689,-0.3748284257177219,-0.04053342715379487,0.7710644709840219,-0.38
2016-06-20,1.3451000452041626,0.2044722147622791,1.5265625046201308,0.33130543452256445,0.012853566350716947,0.38,0.0,-0.12927323698673193,-0.07456906658730403,0.7295572373780425,0.43563652934549835,-0.03854001698045887,-0.38
2016-06-21,1.3428900241851809,0.20448752331416456,1.5205511985552962,0.3333060533704956,0.012934293193794227,0.38,0.0,-0.16443673227295785,0.007486581424674999,-0.39455789634841065,0.602043427530043,0.6260861366534973,-0.38
2016-06-22,1.342650055885315,0.2040408622127323,1.5105643821214443,0.33328783149710295,0.012827458482593796,0.38,0.0,-0.01787113901486304,-0.21866841827173017,-0.6589555762895295,-0.005467158883651112,-0.8294103987258719,-0.38
2016-06-23,1.3375200033187866,0.20365740083929146,1.515174207126833,0.33858694546767204,0.012780888521898695,0.39,0.0,-0.3828159197511955,-0.18811043424376356,0.30470765640470077,1.5774439031301175,-0.3637096297106703,-0.38
2016-06-24,1.3437000513076782,0.20460464474966503,1.5216063066464756,0.32883050324916285,0.012809830723905843,0.4,0.0,0.46098856545530326,0.46403804633224444,0.42361369938057075,-2.923848420083162,0.22619305123058128,-0.39
2016-06-27,1.357069969177246,0.20524969439526322,1.497654848709658,0.3315587565792287,0.01328806274321137,0.41,0.0,0.9900900103778862,0.3147704521280453,-1.5866107071010784,0.8262608184763102,3.665319264459814,-0.4
2016-06-28,1.361870050430298,0.20505149713410223,1.500104615384345,0.33597384765632815,0.013376322022777281,0.41,0.0,0.3530851144404491,-0.09661062686073409,0.16343987897358034,1.3228284074943455,0.6620036627107998,-0.41
2016-06-29,1.352550029754639,0.20375559267744914,1.497807372999887,0.33958072210719653,0.013169784882133686,0.41,0.0,-0.6867070700480992,-0.6339952655848032,-0.15325618917402414,1.0678363779330824,-1.556094903074387,-0.41
2016-06-30,1.3465399742126465,0.2031961070147834,1.4984364279720808,0.3379021354228334,0.01310144170748549,0.3,0.0,-0.4453401306489192,-0.274964333895093,0.04198957249288517,-0.495537296807893,-0.5202903533031867,-0.41
2016-07-01,1.3471399545669556,0.20294058912708438,1.4961405317862242,0.33801026764197245,0.013069765894985515,0.41,0.0,0.04454726471551625,-0.12582853203831054,-0.1533369598815534,0.03199592715601386,-0.24206623132131683,-0.3
2016-07-04,1.3456599712371826,0.20248581424338002,1.4978572316850036,0.3379102419885988,0.0131299272584182,0.41,0.0,-0.10992153294491518,-0.224344083495692,0.11467611017313337,-0.02959686906334308,0.4592532349197662,-0.41
2016-07-05,1.3465800285339355,0.2023319760387058,1.5009028390111325,0.3336587628605315,0.013135059776788967,0.4,0.0,0.06834883462459754,-0.07600368154397508,0.20312451156468242,-1.2661501334088694,0.03908258876518181,-0.41
2016-07-06,1.352749943733215,0.20282020393390462,1.4968188202955302,0.33547849745031716,0.01337489207387359,0.4,0.0,0.45714499580653317,0.24100975172208508,-0.27247501312596606,0.5439060664762686,1.8094249424647428,-0.4
2016-07-07,1.350219964981079,0.2020379989906721,1.4986125161761095,0.3342459649265698,0.013348689516684087,0.4,0.0,-0.18719997457715049,-0.3864098150201452,0.11976212394728142,-0.36807194136843036,-0.19610070227783372,-0.4
2016-07-08,1.3495299816131592,0.20229496685241666,1.493355029741764,0.3373824954032898,0.01338952246606494,0.4,0.0,-0.05111461406364374,0.12710707167080754,-0.35144043275482434,0.9340144035218773,0.3054279108125599,-0.4
2016-07-11,1.3459800481796265,0.20155134337465835,1.4864988127915664,0.33805854037046706,0.013367298596019277,0.4,0.0,-0.2633961993594447,-0.36827094831204293,-0.4601721702707411,0.20017889264145056,-0.1661174554679804,-0.4
2016-07-12,1.3511899709701538,0.2021559262315303,1.4941502629774561,0.3413388915550493,0.013179255039021355,0.4,0.0,0.3863256104188849,0.2995156908796583,0.5134094486389025,0.9656723802857511,-1.416731563744402,-0.4
2016-07-13,1.3469500541687012,0.20168150324299397,1.4901208847700786,0.34156207425793994,0.012857975643851265,0.4,0.0,-0.3142846740291244,-0.2349575211035461,-0.27004118972316754,0.06536312642957684,-2.467971392278136,-0.4
2016-07-14,1.3475199937820437,0.2018363440718292,1.4950682001934867,0.34464308831548945,0.012947461858707241,0.4,0.0,0.04230439468244064,0.07674547109405999,0.3314577276038258,0.8979923001829959,0.6935481992443223,-0.4
2016-07-15,1.3436299562454224,0.2013350989892933,1.4922423096768254,0.3431128687953785,0.012773240411036153,0.4,0.0,-0.28909873609459075,-0.24865121248959712,-0.18919301158954316,-0.4449898337788068,-1.3547383771326975,-0.4
2016-07-18,1.3471100330352783,0.2017809915950493,1.4889800828331372,0.3401792979945626,0.012773779741066919,0.4,0.0,0.25867075556676483,0.2212230164060696,-0.21885171357557692,-0.8586630925332788,0.004222253927344972,-0.4
2016-07-19,1.3487999439239502,0.201175308389101,1.4933733252500758,0.33599880122542986,0.012707025197500227,0.4,0.0,0.12536851189057752,-0.3006200236175038,0.29461602925786523,-1.2365233479070303,-0.5239606554653519,-0.4
2016-07-20,1.3539199829101562,0.20221643737120112,1.4911505190502794,0.3356521274500602,0.012756342931062727,0.4,0.0,0.37888092363909603,0.5161886948795118,-0.14895552702878398,-0.1032303511704809,0.38736270065406975,-0.4
2016-07-21,1.3570599555969238,0.20325614231553055,1.4954158441406094,0.3341113326810677,0.012658668757365347,0.4,0.0,0.23164864086867681,0.5128372546602863,0.28563423487622036,-0.460101984909575,-0.7686374948772838,-0.4
2016-07-22,1.3540899753570557,0.2028781621164929,1.4939538772055982,0.33252051341319727,0.01279725183232449,0.4,0.0,-0.21909385342385412,-0.1861356226467584,-0.09781105636596521,-0.4772716145916227,1.0888189534085233,-0.4
2016-07-25,1.3588299751281738,0.20299525734417828,1.4906970690515777,0.3352238599492801,0.01277984708490258,0.4,0.0,0.3494393259579168,0.05770036928739981,-0.2182372079869154,0.8096994638935879,-0.1360963584235163,-0.4
2016-07-26,1.362149953842163,0.20393603943942346,1.4971641747380888,0.33789346635047063,0.012901834814486151,0.4,0.0,0.24402828746916375,0.46237965907319056,0.4328926451454283,0.7932110180925692,0.9500051244258708,-0.4
2016-07-27,1.3579599857330322,0.20360135479316166,1.4920998076174217,0.33550585322746584,0.012951577968135676,0.4,0.0,-0.3080736820276527,-0.16424736784337068,-0.3388373857862782,-0.7091254947406634,0.38480966091537766,-0.4
2016-07-28,1.3489700555801392,0.20234146083627602,1.493776673260811,0.33458259952311553,0.01285333252533033,0.4,0.0,-0.6642183630603082,-0.6207268382163563,0.11231983844068513,-0.27556191567929894,-0.7614513332697238,-0.4
2016-07-29,1.3527300357818604,0.20323163371660982,1.4994180407034037,0.3366005049338909,0.012914506661999219,0.3,0.0,0.2783419700251829,0.4389710864580079,0.37694668482908616,0.6012998471940115,0.47481087686601986,-0.4
2016-08-01,1.3422000408172607,0.20206856281155525,1.4989782194369639,0.33296948526193515,0.013116132111272317,0.4,0.0,-0.7814710032449865,-0.5739321656526779,-0.029337100999034055,-1.0845931924688157,1.5491704479709083,-0.3
2016-08-02,1.3424099683761597,0.20212451541778265,1.49921266797584,0.33384978834643636,0.013114723211123941,0.4,0.0,0.015639333728776045,0.027686078559247238,0.015639333728776045,0.2640306394073604,-0.010742311925507954,-0.4
2016-08-03,1.340630054473877,0.20224630758173767,1.5040612779648652,0.3317570134063107,0.013264634146801752,0.4,0.0,-0.1326789125941401,0.06023786124546636,0.3228885735243774,-0.628834269983751,1.1365898530208804,-0.4
2016-08-04,1.3416800498962402,0.20234060691963315,1.4961751136252133,0.3344584543058284,0.013239784842291437,0.4,0.0,0.07829038665472393,0.04661512086681969,-0.5257040761121012,0.8109855854510017,-0.18751070756496827,-0.4
2016-08-05,1.3417500257492063,0.20211035655369705,1.4940039434445394,0.3329404357060851,0.013258530804927941,0.4,0.0,0.0052154034954816995,-0.11385824814602855,-0.1452201035990409,-0.45490672528387943,0.14148797994066198,-0.4
2016-08-08,1.3477200269699097,0.2019449564843303,1.4945605757868208,0.3340074542590837,0.013194185435037583,0.4,0.0,0.44395445267518985,-0.08187001792486605,0.03725081691468599,0.3199708641137805,-0.48649443947775706,-0.4
2016-08-09,1.3463200330734253,0.20213801731129963,1.4922137617665217,0.3342818080859266,0.013162052308804004,0.4,0.0,-0.10393268038373052,0.09555504892760654,-0.15714709168020696,0.08210631464976717,-0.24383709440562915,-0.4
2016-08-10,1.3443200588226318,0.20199544084294538,1.4943199511359069,0.3356017728337699,0.01319060046849116,0.4,0.0,-0.1486616233178419,-0.07055910437144569,0.14104576884269873,0.39408831437445274,0.21666259633243923,-0.4
2016-08-11,1.3401700258255005,0.20185714895170812,1.499172358359445,0.3365147520782078,0.013251559658652634,0.4,0.0,-0.3091861897290479,-0.06848632403864223,0.324197356926841,0.2716730721915436,0.4610765373434276,-0.4
2016-08-12,1.3435900211334229,0.20277543553130606,1.496636064061363,0.3349763073403793,0.01319729332522393,0.4,0.0,0.254866090808788,0.4538873987462005,-0.1693229036321826,-0.4582182913876471,-0.4103498144862898,-0.4
2016-08-15,1.3454999923706057,0.2024861207438772,1.5025125348605572,0.33724339317252916,0.013284559407594446,0.4,0.0,0.14205337484216574,-0.14277931478997608,0.39187643597108157,0.6745099632638868,0.659065656246564,-0.4
2016-08-16,1.342960000038147,0.20239322976589605,1.5019739584586491,0.3372830748374595,0.013265112883993338,0.4,0.0,-0.1889552454092602,-0.045885758063015994,-0.035851478039559195,0.011765784400771038,-0.14649165432391442,-0.4
2016-08-17,1.339229941368103,0.2021540121784644,1.5101145035519181,0.33536923206803654,0.01336556868419742,0.4,0.0,-0.27813549048746694,-0.11826436594333692,0.5405262837418154,-0.5690452301009485,0.7544401477292276,-0.4
2016-08-18,1.3408299684524536,0.20211486341856744,1.5149936828297683,0.3369173401600472,0.013420915582725124,0.4,0.0,0.11940235131185423,-0.019367684421177818,0.32257910846068083,0.46055086992193695,0.41324555130323964,-0.4
2016-08-19,1.3396799564361572,0.2026134238891234,1.5204629553181803,0.33400147200136193,0.013381812000262156,0.4,0.0,-0.08580547127822952,0.2463681133085619,0.360359514828437,-0.869221868506587,-0.29178828972546456,-0.4
2016-08-22,1.3491499423980713,0.20335674131562181,1.5242909442631003,0.3357764808683041,0.013417168197517808,0.4,0.0,0.70439748698654,0.36619353876231986,0.2514483001307804,0.5300302928187145,0.26386241198878785,-0.4
2016-08-23,1.350559949874878,0.20316809960505905,1.5287340024814284,0.3344874287156409,0.013471785391419045,0.4,0.0,0.1044562313194021,-0.09280698501744829,0.2910596167715827,-0.38464065378068046,0.4062431721968148,-0.4
2016-08-24,1.351099967956543,0.2034543982820995,1.5268563461701206,0.33509423269487376,0.013469111146722881,0.4,0.0,0.039976762825908854,0.14081794580387427,-0.12289975640722055,0.18124873494078908,-0.019852677888141525,-0.4
2016-08-25,1.3547500371932983,0.2034648001382444,1.5259631403303757,0.3370863446605985,0.013473128439798258,0.4,0.0,0.26979111508735887,0.005112492203622775,-0.05851678221933748,0.5927329248349126,0.02982152313097606,-0.4
2016-08-26,1.3522800207138062,0.20306334256876848,1.5267924243860023,0.3348885549638062,0.013448162862212247,0.4,0.0,-0.18248908302688543,-0.19750548992969102,0.05433019830412664,-0.6541308417120034,-0.18547093051835917,-0.4
2016-08-29,1.3605400323867798,0.20370720930916617,1.5237316955169433,0.33701758037221635,0.013349097888831514,0.4,0.0,0.6089631481040684,0.316575167578004,-0.2006691162459802,0.6337291540590898,-0.7393697855724954,-0.4
2016-08-30,1.358739972114563,0.20355045168162747,1.5208130413004852,0.33429450623038304,0.013345971351907394,0.4,0.0,-0.13239243712763699,-0.07698204370120403,-0.19173015099794682,-0.811273662854629,-0.023424078133842206,-0.4
2016-08-31,1.3632400035858154,0.2040656285658039,1.5204549715934945,0.3330255179801442,0.013252323888235312,0.3,0.0,0.33064428182165023,0.2527756795935304,-0.02354739583141847,-0.38032420242816656,-0.7041643066469849,-0.4
2016-09-01,1.361799955368042,0.20393554186385518,1.5198659056595432,0.3333659590333268,0.013182706333087149,0.4,0.0,-0.10569007233020222,-0.06376781038145538,-0.038750248089250504,0.10217450088816005,-0.5267080499640514,-0.3
2016-09-02,1.3594800233840942,0.20387511174194872,1.5227151943866346,0.3329203021584078,0.013165856212538974,0.4,0.0,-0.17050304004661399,-0.029636362765139708,0.1872942390899303,-0.13377341462262166,-0.12790164788735853,-0.4
2016-09-05,1.360200047492981,0.2036288572498122,1.5182499016395212,0.3341193845134633,0.013087152156705684,0.4,0.0,0.05294917835514111,-0.12085993798851952,-0.29367623865321185,0.3595239295652775,-0.5995830307162876,-0.4
2016-09-06,1.3570200204849243,0.20327147261820164,1.5135176720687582,0.33519081141817975,0.013110037604858104,0.4,0.0,-0.23406484424161123,-0.17566204658787615,-0.3121765306107564,0.32015882214881675,0.17471686224656566,-0.4
2016-09-07,1.3449000120162964,0.20150427355190267,1.5135043893142779,0.3324023753703119,0.013246983420861894,0.4,0.0,-0.8971464451079288,-0.8731799329611472,-0.0008776120035525475,-0.8353746919440106,1.0391693980544041,-0.4
2016-09-08,1.3470100164413452,0.20217482788494673,1.5141750429208258,0.3306519681091016,0.013228156860554684,0.4,0.0,0.15676637293715023,0.33222178081890597,0.044301494430106676,-0.5279842730015113,-0.14222068914781136,-0.4
2016-09-09,1.3502899408340454,0.20266103953766518,1.5219679574712615,0.3291944883678377,0.013198541083185205,0.4,0.0,0.24320068670811326,0.2402019809106802,0.513344177978963,-0.441764018658977,-0.2241353787813,-0.4
2016-09-12,1.359830021858215,0.20357041084132604,1.528603042280366,0.3324361477664831,0.0132746634536538,0.4,0.0,0.7040367630502907,0.44771167855600974,0.4350067756276958,0.9799078702724191,0.5750915433175283,-0.4
2016-09-13,1.3555999994277954,0.20297363341177213,1.5241736419443013,0.3284710557408446,0.013322719253335925,0.4,0.0,-0.311554768038078,-0.2935858324028715,-0.2901885006696839,-1.1999081197179506,0.36135775090363,-0.4
2016-09-14,1.3669500350952148,0.20474357397596502,1.5335383363340043,0.33122124620997057,0.013335577776447958,0.4,0.0,0.8337845973555944,0.8682251572926349,0.612531444170048,0.8337845973555944,0.09646920877861721,-0.4
2016-09-15,1.3629000186920166,0.20423484865536737,1.532898424989952,0.32974449895817337,0.013290362219928607,0.4,0.0,-0.2967210135995903,-0.2487786909163323,-0.04173647807854853,-0.4468460642003017,-0.33963570855983793,-0.4
2016-09-16,1.361199975013733,0.2040412543636691,1.530796963630337,0.32930928809777105,0.013344050778836493,0.4,0.0,-0.12481508776603294,-0.09483499268072627,-0.13718476693172585,-0.1320714430934381,0.40315235502168195,-0.4
2016-09-19,1.3674299716949463,0.20499047426521885,1.5258431090871338,0.33089653112953227,0.013365947416112793,0.4,0.0,0.4566399716007725,0.4641310387925861,-0.32413753419845787,0.4808337168915009,0.1639583950680809,-0.4
2016-09-20,1.3617500066757202,0.20427679544436048,1.5225290789737471,0.32940253132026687,0.013370677274500963,0.4,0.0,-0.4162402820606128,-0.348759647824853,-0.21742957975886876,-0.4525229380744616,0.03538111853866539,-0.4
2016-09-21,1.36080002784729,0.20403329387990451,1.5178353188225344,0.33200771278597635,0.013400691966351835,0.4,0.0,-0.06978596205307815,-0.11927287602718731,-0.308763244537465,0.7877697576147211,0.2242298789931462,-0.4
2016-09-22,1.353559970855713,0.20282305366404216,1.5150659871421794,0.3296140075046839,0.013482613342598678,0.4,0.0,-0.5334645489242928,-0.594924372063636,-0.18261935820648742,-0.7235904300206172,0.6094609935871359,-0.4
2016-09-23,1.3559000492095947,0.20347250780160947,1.5199821282093922,0.32958193990205714,0.013447253641972558,0.4,0.0,0.1727339704881023,0.3196956857572752,0.32395831498548044,-0.009729308190746626,-0.26260598291835524,-0.4
2016-09-26,1.3590699434280396,0.2041503893659266,1.5274911881233066,0.3287939786663972,0.013470942761353969,0.4,0.0,0.23351239000369092,0.3326026059608828,0.4928066192177864,-0.23936525916580806,0.17600826698781874,-0.4
2016-09-27,1.3602700233459473,0.20400888782093915,1.5302846417590672,0.32928346877963277,0.013554041068840464,0.4,0.0,0.0882625938999083,-0.06933643730049074,0.182711524212356,0.14876370719222345,0.6149759045438573,-0.4
2016-09-28,1.3594499826431274,0.20382170716544043,1.5252440245620136,0.3312661538790457,0.01353117362005604,0.4,0.0,-0.06030331989062324,-0.09179334309051115,-0.329934510198297,0.6003155510837909,-0.1688556245939305,-0.4
2016-09-29,1.358299970626831,0.20348453583061366,1.5246893723984272,0.32881454440516555,0.013457175444407422,0.4,0.0,-0.08462971978353752,-0.1655616223134724,-0.03637142832389224,-0.7428245526103845,-0.548372639664698,-0.4
2016-09-30,1.3646199703216553,0.20463057652482847,1.5310445269081185,0.33088114403923474,0.013484520638206682,0.29,0.0,0.4642083631534612,0.5616276741239434,0.41595007169382103,0.6265332426825452,0.20299540983278533,-0.4
2016-10-03,1.3643800020217896,0.20553772491479663,1.5328389550917194,0.33228933749828415,0.013433828800503242,0.4,0.0,-0.017586537406827866,0.4423305583885427,0.11713424477872142,0.42468584315635144,-0.37663451648344726,-0.29
2016-10-04,1.36489999294281,0.2045345510787465,1.5301055173080584,0.3291850676350231,0.013405423209703329,0.4,0.0,0.03810462307066669,-0.4892678173907105,-0.1784843658736798,-0.9385979650234962,-0.2116720793490302,-0.4
2016-10-05,1.37090003490448,0.20550758408947395,1.536883437675371,0.33123127165903216,0.0133252339765098,0.4,0.0,0.43863232111821604,0.4746023658132607,0.44199255368066076,0.619672909350339,-0.5999813112522868,-0.4
2016-10-06,1.3687000274658203,0.20511015381625156,1.5340731166527348,0.3295690025755866,0.013229267732240254,0.4,0.0,-0.160607961854451,-0.19357682858689754,-0.1830258264765789,-0.5031089285274786,-0.7227901552458087,-0.4
2016-10-07,1.373110055923462,0.20574944717197627,1.530268691567528,0.33084597434916435,0.013232882609744832,0.4,0.0,0.3216876535235634,0.31119821472822773,-0.2483030469814995,0.38671847539322984,0.02732111699425997,-0.4
2016-10-10,1.372630000114441,0.20557893912175806,1.536927531391967,0.33234790330068403,0.0133241766507255,0.4,0.0,-0.0349673169429732,-0.08290605057482373,0.43419786683749734,0.4529388976145274,0.6875339600643149,-0.4
2016-10-11,1.3747999668121338,0.2049584824582468,1.5316398674773666,0.3295065101537186,0.01325785688519077,0.41,0.0,0.15796341854250143,-0.30226581222317295,-0.34463438216406594,-0.8586210337259216,-0.49898291678631673,-0.4
2016-10-12,1.3772399425506592,0.20483973951860687,1.523495572693662,0.3282659936505815,0.01332701035706779,0.41,0.0,0.17732129316553297,-0.05795190735106249,-0.5331556806774881,-0.3771875433230671,0.5202480585763782,-0.41
2016-10-13,1.3839800357818604,0.2059861912536563,1.5240224606767467,0.3297781600019452,0.013268714761119871,0.41,0.0,0.4881977293274064,0.5581218833440073,0.03457817033829278,0.4595949997365644,-0.4383839060559251,-0.41
2016-10-14,1.381600022315979,0.20531110483607815,1.5266298407138377,0.32822559779381394,0.013320221560420887,0.41,0.0,-0.17211680757259892,-0.3282720456652961,0.170939223116592,-0.47190158746594185,0.3874307953178099,-0.41
2016-10-17,1.3913700580596924,0.20671075161183144,1.5260267722923402,0.33028770396118023,0.013373542983588282,0.41,0.0,0.7046650983112052,0.679406753668331,-0.0395110558307517,0.6262934711460568,0.39950524025138157,-0.41
2016-10-18,1.3873000144958496,0.20609076488673675,1.528199987524772,0.33083730962986413,0.013358562192154871,0.41,0.0,-0.2929492432207666,-0.30038028761283875,0.14230872624037458,0.16626380306132502,-0.11208090723255588,-0.41
2016-10-19,1.3858799934387207,0.20552869452268763,1.521273364513263,0.33262449609649314,0.013343089798706359,0.41,0.0,-0.10241103550264347,-0.273102109508894,-0.4542840106580559,0.5387471513616734,-0.1158909207978455,-0.41
2016-10-20,1.3856300115585327,0.20572348642047047,1.5207485478514402,0.3317444183289601,0.013401843749458091,0.41,0.0,-0.018039399490900387,0.09473112672777853,-0.0345044632911112,-0.2649366227727761,0.4393657973577835,-0.41
2016-10-21,1.3906999826431274,0.20624350828252633,1.5200900312487418,0.33265558228856734,0.01335811473697903,0.41,0.0,0.36522868181819923,0.2524581555995085,-0.043311513969779385,0.2742819175160959,-0.3268245085300388,-0.41
2016-10-24,1.3937900066375732,0.2059899746017607,1.516802665653728,0.3343624863846603,0.013412531242178673,0.41,0.0,0.2219455106530215,-0.12300491020696834,-0.21649542523279716,0.5118025739243858,0.40653916374654997,-0.41
2016-10-25,1.3937000036239624,0.2056757535384728,1.515715011365586,0.3357423213954232,0.013359726373786145,0.41,0.0,-0.006457638471226367,-0.15265838413641197,-0.07173276139643386,0.4118272082002208,-0.3944750392359919,-0.41
2016-10-26,1.3878999948501587,0.20468689796285486,1.5110506466229907,0.33368596753017765,0.013325460412434433,0.41,0.0,-0.4170274074443165,-0.4819432207125939,-0.30820809814621897,-0.6143631415683571,-0.25681649118341227,-0.41
2016-10-27,1.3908400535583496,0.20545076491027386,1.517688471643396,0.3314443780702862,0.013301454687324202,0.41,0.0,0.21161100024360543,0.3724933844393975,0.43832336749868134,-0.6740326798712061,-0.18031177494134035,-0.41
2016-10-28,1.3945499658584597,0.20554031880648468,1.5201112110034674,0.3319724778869149,0.013255044442135197,0.41,0.0,0.266383843415386,0.0435794844103517,0.15950622995826294,0.1592060628042702,-0.3495211639932784,-0.41
2016-10-31,1.3907699584960938,0.20502549554081975,1.5277142302284121,0.33164896734936195,0.01330053006287091,0.31,0.0,-0.27142373484278653,-0.25078733664761055,0.4989153836082807,-0.09749852585463366,0.34256961911911465,-0.41
2016-11-01,1.3911999464035034,0.20535528893955432,1.5266102107332813,0.33250476609222834,0.01327227581047396,0.41,0.0,0.030912477527270787,0.1607255905744369,-0.07229222465081175,0.25771118144017385,-0.21265547326327255,-0.31
2016-11-02,1.3884999752044678,0.20520815421607955,1.5352720588461468,0.33216908378159327,0.013339160905151717,0.41,0.0,-0.1942635625630491,-0.07167454006268378,0.5657873462671495,-0.1010066333249996,0.5026803793750305,-0.41
2016-11-03,1.3842899799346924,0.20516814709915282,1.5362224509270277,0.3315823528672707,0.013390566677645788,0.41,0.0,-0.30366515841499225,-0.019497771642876416,0.06188466938085352,-0.17679240593631387,0.3846341921072986,-0.41
2016-11-04,1.384269952774048,0.2045860216000987,1.5368824094300635,0.32899275462753363,0.013432732276309464,0.41,0.0,-0.0014467565182961118,-0.2841342127343579,0.04295060163386344,-0.7840475598365444,0.3143955817519721,-0.41
2016-11-07,1.3859299421310425,0.20515579527800268,1.5385545755912347,0.32926991945959283,0.01330130952723528,0.41,0.0,0.11984619295782634,0.2781136909572008,0.10874333202695134,0.08421101768313151,-0.9831944509297091,-0.41
2016-11-08,1.38919997215271,0.2050752140755412,1.5353669009949442,0.33257521049623895,0.01330167108776762,0.41,0.0,0.23566691550438493,-0.039285769071849136,-0.20740124711880317,0.9988193207404477,0.002718195660820114,-0.41
2016-11-09,1.3873800039291382,0.2044835504605216,1.52875978926167,0.32647308584314483,0.013209368942719757,0.41,0.0,-0.13109425983726564,-0.28892753755914563,-0.43125644865268975,-1.851851851304459,-0.6963326818035336,-0.41
2016-11-10,1.3988699913024902,0.20636257942127598,1.5276509211484497,0.3212396101818411,0.01321521386493824,0.41,0.0,0.8247682387513006,0.9147181515141418,-0.07256015417659246,-1.6160219145342312,0.044238521049527385,-0.41
2016-11-11,1.4108799695968628,0.2074304873340592,1.5364042022740136,0.3203778478075431,0.013203563043032792,0.41,0.0,0.8548840007012417,0.5161566828894433,0.5713542730283697,-0.2686220213486806,-0.08820107532866003,-0.41
2016-11-14,1.413849949836731,0.20776328889902265,1.5304719813573513,0.32752268146664537,0.013229500245791701,0.41,0.0,0.21028426922233456,0.1603114763700173,-0.3868580249015212,2.20562354373723,0.19624824258853668,-0.41
2016-11-15,1.413789987564087,0.20652234709736855,1.5198773931696508,0.3267518790313862,0.013066208962003428,0.41,0.0,-0.004241153327899247,-0.5990772574341428,-0.694650316364575,-0.23562059062120616,-1.2419774000128252,-0.41
2016-11-16,1.4143699407577517,0.2062334981496235,1.5172386750776214,0.324114286844461,0.01297134865488525,0.41,0.0,0.04101275857748321,-0.1399611892714501,-0.17376476214172765,-0.8104912388224812,-0.7286453530733386,-0.41
2016-11-17,1.4137099981307983,0.20822925141649268,1.5136081325175752,0.3219122769929118,0.012995449285655575,0.41,0.0,-0.046670720290279244,0.9630629986813499,-0.2395729330438019,-0.6817114040340294,0.18562656624701676,-0.41
2016-11-18,1.4232699871063232,0.20697292715103205,1.5119455984128933,0.3224444893602334,0.012908776208572219,0.41,0.0,0.6739578855921201,-0.6051645027141482,-0.10989950401596808,0.16519186765444208,-0.6691834931887104,-0.41
2016-11-21,1.427340030670166,0.20708596974531326,1.510732470241976,0.32336656537568104,0.012862047850967584,0.41,0.0,0.2855561654617715,0.054602182412742055,-0.08026843802074925,0.2855561654617715,-0.3626458254328757,-0.41
2016-11-22,1.422160029411316,0.2064422578419015,1.5130167196562354,0.32193775286266907,0.012852779121550216,0.41,0.0,-0.36357303777023053,-0.3113269568542639,0.15108725660308514,-0.4428344294541093,-0.07208860342455153,-0.41
2016-11-23,1.4232800006866455,0.20659283637514606,1.513483588996536,0.32365662042981813,0.012821649667094577,0.41,0.0,0.07872043137928685,0.07291319407182192,0.030852092938437187,0.532492753894613,-0.2424939613355689,-0.41
2016-11-24,1.4323999881744385,0.20728777220678815,1.5104924021472639,0.3226126057915309,0.01272317047890169,0.41,0.0,0.6387283259551049,0.33581495257712773,-0.19783145326482685,-0.3230899767801432,-0.7710344054645505,-0.41
2016-11-25,1.431399941444397,0.20690352087673744,1.5118293002128382,0.32227848276574345,0.012634607419392922,0.41,0.0,-0.06984054719381108,-0.18554298301445243,0.08846828924436323,-0.10362154528504659,-0.6985108865548917,-0.41
2016-11-28,1.425469994544983,0.20594218102313902,1.5127560309014285,0.31968377644753865,0.012653747728746214,0.41,0.0,-0.4151365339401121,-0.46571471458563674,0.061279852683108746,-0.8083716481852224,0.1513764963845669,-0.41
2016-11-29,1.4229600429534912,0.20603796952973097,1.5113754687772314,0.3190636614740404,0.012740263334670363,0.41,0.0,-0.17623408039347316,0.04650151624514569,-0.09130305479439385,-0.19416599785909539,0.6813885403465219,-0.41
2016-11-30,1.424780011177063,0.20657069569294487,1.5171759369588216,0.3189210843345846,0.012668089230133251,0.31,0.0,0.12781844106269596,0.25822359253749383,0.3830527864310092,-0.044696097443112585,-0.5681147447385321,-0.41
2016-12-01,1.4342399835586548,0.208138385052164,1.519161079997275,0.3215784688994192,0.01250492598135643,0.41,0.0,0.661765704518997,0.7560465393743231,0.13075908966734914,0.8297897474786008,-1.2963527206115522,-0.31
2016-12-02,1.4252500534057615,0.20726387355830697,1.519764229709949,0.3195699644865952,0.012512181620170553,0.41,0.0,-0.628780632620874,-0.42104382807720786,0.039694935487033116,-0.6265354100534654,0.05800541879683555,-0.41
2016-12-05,1.4241100549697876,0.20682740025235563,1.506994790518007,0.320312645794084,0.012546672740674452,0.41,0.0,-0.08001786039258596,-0.21081027068203784,-0.8437748011758437,0.2321305905329978,0.2752810786022028,-0.41
2016-12-06,1.4189900159835815,0.20651870973455,1.5264522809188463,0.32129287593531985,0.01246225752803273,0.41,0.0,-0.3601733596001793,-0.14936179039082254,1.2828809469024414,0.3055556321420999,-0.675083118929369,-0.41
2016-12-07,1.4202699661254885,0.20667490122039642,1.5225878533457267,0.32161911270493554,0.012452828024090404,0.41,0.0,0.09016083322259642,0.07560208538798843,-0.2534849967319319,0.10148723414125424,-0.07569313276339662,-0.41
2016-12-08,1.4166799783706665,0.20619750531683315,1.5246232360667307,0.3204433334422692,0.01245838215777824,0.41,0.0,-0.2530879811995337,-0.23125600488732168,0.13358989344555802,-0.36625115953934184,0.04459144087596466,-0.41
2016-12-09,1.422700047492981,0.20709180636798552,1.5110993185346757,0.3218050319532667,0.012471620298517163,0.41,0.0,0.42404173362614805,0.43277308251961155,-0.8909909754083604,0.42404173362614805,0.1062024924097036,-0.41
2016-12-12,1.431879997253418,0.2073175278230372,1.510262746631952,0.3245421439406179,0.012406681848067617,0.41,0.0,0.6431756169013276,0.10893648320666875,-0.055377138261408394,0.8469529847648248,-0.5220500784248864,-0.41
2016-12-13,1.424090027809143,0.2064826213605121,1.5154730402528571,0.3216102159884965,0.012383176304879104,0.41,0.0,-0.5455231458829485,-0.40353180013379275,0.34439879340768637,-0.9075098246429285,-0.189638440751494,-0.41
2016-12-14,1.4245100021362305,0.2066993695816395,1.5141474369368098,0.32058287131406277,0.012362962700560962,0.41,0.0,0.029486367037508027,0.1049165964447288,-0.08750953531127731,-0.3199491153470594,-0.16336777878260658,-0.41
2016-12-15,1.4383000135421753,0.20833454203727256,1.5122489604640776,0.32234425100229847,0.012271032851160055,0.66,0.0,0.9633973605279588,0.7879746066797403,-0.12546120682588338,0.5479265172751885,-0.7463691869758795,-0.41
2016-12-16,1.442870020866394,0.20807724386566318,1.5033027661265521,0.3225371841866358,0.012202789672258841,0.66,0.0,0.31723300619058836,-0.12357873291040741,-0.5933388908304259,0.05983524398932793,-0.5576844868120547,-0.66
2016-12-19,1.444200038909912,0.20755069705473583,1.5091855354413042,0.3226902032047548,0.01226069932694272,0.66,0.0,0.09213618721186162,-0.25337425172008765,0.3905593120146446,0.047431037174767855,0.473438296991527,-0.66
2016-12-20,1.4479000568389893,0.20824105314831165,1.5066596880137695,0.323408528110172,0.012371301598002747,0.66,0.0,0.25587080842601967,0.3320685067057589,-0.16750514903583974,0.22235771920579578,0.8980432788926207,-0.66
2016-12-21,1.4443199634552002,0.2078218021299385,1.5007168456303646,0.3226088646760287,0.01225297954150753,0.66,0.0,-0.24756727961133232,-0.2015326073716051,-0.3952182277405191,-0.24756727961134348,-0.9610267725723263,-0.66
2016-12-22,1.4450500011444092,0.20817846407107535,1.5069871285988654,0.3225558024536039,0.012287422595254066,0.66,0.0,0.050532656855169264,0.17147201937344383,0.41694874935171305,-0.01644920289281292,0.2807050688970088,-0.66
2016-12-23,1.4497499465942385,0.20888564359068187,1.513198351668507,0.3242200542473593,0.012333888727881447,0.66,0.0,0.32471671026678467,0.339123019389478,0.41131459421908806,0.5146312898322516,0.377446896982571,-0.66
2016-12-26,1.4467999935150146,0.20831353177232267,1.512598061266658,0.3235603308587708,0.012333134631533599,0.66,0.0,-0.20368743229910302,-0.27426333068943,-0.03967817577933298,-0.20368743229911418,-0.006114206299611705,-0.66
2016-12-27,1.4475500583648682,0.20843954490534286,1.5136987154571102,0.32340261676651555,0.012351952708196756,0.66,0.0,0.05182958890250617,0.06047376440030625,0.07273934582011629,-0.04875521726809446,0.15246517097136222,-0.66
2016-12-28,1.4492000341415403,0.2087432495862832,1.5162009833384926,0.32351827065063177,0.012335716655867881,0.66,0.0,0.11391910951374169,0.14559791947402095,0.1651717019715913,0.035755186638070334,-0.131531692443071,-0.66
2016-12-29,1.4503799676895142,0.20844483416577617,1.510859610073311,0.32356496218705333,0.012387199199222093,0.66,0.0,0.08138651889990106,-0.14306040034443057,-0.35290861507435844,0.014431385062414946,0.4164769080716017,-0.66
2016-12-30,1.4461899995803833,0.2082257034674759,1.5293888588735454,0.3225582688412894,0.012438525298129553,0.55,0.0,-0.28930570149528495,-0.10518176770901178,1.2189449919019055,-0.31161057581969864,0.4134918361969573,-0.66
2017-01-02,1.4469900131225586,0.20838590092543682,1.5232435162271258,0.322736703890134,0.012389143677449874,0.55,0.0,0.055303407257944234,0.07690494655804284,-0.4026263364225937,0.055303407257966425,-0.39779558722711483,-0.55
2017-01-03,1.451300024986267,0.20900058663882187,1.518064502899918,0.32322942070548116,0.012352014903276264,0.66,0.0,0.2974177866354617,0.2945405163256525,-0.3405783498902109,0.15255193488984609,-0.30013794159764434,-0.55
2017-01-04,1.4487500190734863,0.20815972695628415,1.5095863742195093,0.32230257084718317,0.012313125737592242,0.66,0.0,-0.17585948733504747,-0.40313557830234964,-0.5600481154846523,-0.2871586559078628,-0.31533732951814597,-0.66
2017-01-05,1.438480019569397,0.20771975145333393,1.5105323906114874,0.3217356199901305,0.012282838218763427,0.66,0.0,-0.71141146918383,-0.21158806333914956,0.0626476305458445,-0.1760612993358141,-0.24628052140105525,-0.66
2017-01-06,1.4284600019454956,0.2073868708511951,1.5150126482640331,0.31953025486708825,0.012392833986982009,0.66,0.0,-0.699007188693678,-0.16038321511032658,0.2961622365392179,-0.6878188608064025,0.8915379964182478,-0.66
2017-01-09,1.438969969749451,0.2080187879699035,1.5155027683798752,0.3215934544844591,0.012283140853665091,0.66,0.0,0.7330616596042049,0.30424121228137546,0.03234566090133999,0.6436220372439996,-0.8890741426407439,-0.66
2017-01-10,1.4348100423812866,0.20684332172935843,1.5192659603877843,0.3208430239749281,0.01237065167763797,0.66,0.0,-0.289509305246895,-0.5666795586606831,0.24800531922451438,-0.23362024916191115,0.7099207263771363,-0.66
2017-01-11,1.437059998512268,0.20763163040117374,1.5164459841836193,0.3215618802130392,0.012402133199342226,0.66,0.0,0.15668930413117615,0.38038951126321063,-0.18578686428695523,0.22380169686456566,0.2541622898494547,-0.66
2017-01-12,1.425819993019104,0.20556508582120128,1.5110427667164572,0.3220372821519116,0.012387878141338482,0.66,0.0,-0.7852276923665755,-1.0002798810615428,-0.35694422992547375,0.1477323319031593,-0.1150064788518623,-0.66
2017-01-13,1.4256800413131714,0.20677313279924492,1.5136213667699252,0.3196591993540674,0.012433545167619919,0.66,0.0,-0.00981600591687942,0.5859512312467798,0.17050492645628595,-0.7411895664926507,0.3679650215054955,-0.66
2017-01-16,1.4279099702835083,0.2069794734967893,1.5176808342979058,0.3197648660435125,0.012500634728142826,0.66,0.0,0.1562894049379067,0.09974110688883225,0.2678367041937983,0.033050582899561684,0.5381345823806808,-0.66
2017-01-17,1.429669976234436,0.20746916542907665,1.5158778721569492,0.32055380358885177,0.012524265636024708,0.66,0.0,0.12318158766620788,0.23631017895808132,-0.1188678069366074,0.24642040970457962,0.18885921271897038,-0.66
2017-01-18,1.4181900024414062,0.20719836964415977,1.517007925526741,0.3174459845189901,0.012563918772002573,0.66,0.0,-0.8062219393876238,-0.13060864452002915,0.07452001146565874,-0.9742459823472386,0.3161103119515419,-0.66
2017-01-19,1.4292800426483154,0.20902019305699138,1.5190078906893234,0.32136705319690484,0.012454296977446943,0.66,0.0,0.7789438417669522,0.8754222953578891,0.13174934341206254,1.2276261411487202,-0.876341440241755,-0.66
2017-01-20,1.4251999855041504,0.20771573714126626,1.5192247660610292,0.32066599061538975,0.012395198677111597,0.66,0.0,-0.2858706231966712,-0.6260368168770811,0.014276416362808918,-0.2183884044305976,-0.4756507945163854,-0.66
2017-01-23,1.420490026473999,0.20660169946963614,1.5218775197244836,0.3202547582122311,0.01248124116462331,0.66,0.0,-0.33102434286163923,-0.5377714081042123,0.17446005342782683,-0.1283255255330008,0.6917616120131014,-0.66
2017-01-24,1.417829990386963,0.20716394196911175,1.5256967557328949,0.319835317465653,0.01257164395932974,0.66,0.0,-0.1874374172060597,0.2717687450183691,0.25064117639855005,-0.13105680670628272,0.7216988114860128,-0.66
2017-01-25,1.4210200309753418,0.20747846922530985,1.5245687671153973,0.32158506166304895,0.012482607841602399,0.66,0.0,0.22474184314675155,0.15171015218550438,-0.07396003137867402,0.5455855768299345,-0.7107495625932446,-0.66
2017-01-26,1.4131799936294556,0.20559532011967546,1.5194502326513941,0.31918239789599295,0.012473674479142115,0.66,0.0,-0.5532465792993752,-0.911780025931832,-0.3363014020973478,-0.7499366554234694,-0.07159209634696137,-0.66
2017-01-27,1.4263499975204468,0.20736654292359472,1.5237642737721728,0.32196790344814374,0.012462102788883449,0.66,0.0,0.9276252316793336,0.857819485897276,0.2835188910585985,0.8689142224649461,-0.09281195420496761,-0.66
2017-01-30,1.4284100532531738,0.20752725187096063,1.5303957025045065,0.3223528715470951,0.012456919649570013,0.66,0.0,0.1443242902149806,0.07746992479512538,0.4342561755142924,0.11949580386041508,-0.04159986131868338,-0.66
2017-01-31,1.4202100038528442,0.20640486881590234,1.5208442625463192,0.3207919350841418,0.012496348304310866,0.56,0.0,-0.5757224119454989,-0.5423042811519752,-0.6260714507014689,-0.4854084217967473,0.3160202313205675,-0.66
2017-02-01,1.4095499515533447,0.20491517245046142,1.5228500284890458,0.31834811255325474,0.012502328294123816,0.66,0.0,-0.7534280570983339,-0.7243521975606285,0.13179814010766086,-0.764725806052727,0.047842452007151114,-0.56
2017-02-02,1.4130699634552002,0.20536121477228494,1.5215078107029,0.31955449692385035,0.012470722178355778,0.66,0.0,0.24941464544361588,0.21743512980419208,-0.08817740515480388,0.37823510702156193,-0.25312192179392246,-0.66
2017-02-03,1.411929965019226,0.2052223752228763,1.5194786445627528,0.3190441739451991,0.012518330215551411,0.66,0.0,-0.08070786029863261,-0.06763034767279534,-0.1334544872962109,-0.15982591588825595,0.38103161372406563,-0.66
2017-02-06,1.4080499410629272,0.20489071018914176,1.5182932005633063,0.3180237185438238,0.01250055435351788,0.66,0.0,-0.2751811384454089,-0.16174324489390582,-0.07804694493583035,-0.32036029005914535,-0.1420995806234687,-0.66
2017-02-07,1.4101799726486206,0.20545777994349318,1.5149868434485967,0.31800200778057985,0.012610370740313981,0.66,0.0,0.15116098093468008,0.2763846481550541,-0.21800548424338365,-0.006827007887810852,0.874655843902419,-0.66
2017-02-08,1.4184000492095947,0.20602804033815855,1.5145755834567751,0.31963944770920444,0.012620677090005158,0.66,0.0,0.581217405050685,0.2771715240908847,-0.027149795012994863,0.5135938116545643,0.08169577683582827,-0.66
2017-02-09,1.416409969329834,0.2060982147868852,1.514455818331328,0.31922696278359425,0.012651939450065092,0.66,0.0,-0.1404030741860312,0.034054830786520655,-0.007907816699355657,-0.12913027705086533,0.24740118187670268,-0.66
2017-02-10,1.4217400550842283,0.2069912467619489,1.5153750546565445,0.3204788041611871,0.012533632586340843,0.66,0.0,0.3756032609164137,0.4323680216511059,0.06067905384533022,0.39138086296645075,-0.9394881620032887,-0.66
2017-02-13,1.4232300519943235,0.2064088203812346,1.5114053861560846,0.319841351826588,0.012493899201965633,0.66,0.0,0.10474605990551107,-0.28177390975983985,-0.26230318677724274,-0.19910431968237974,-0.3175176688865292,-0.66
2017-02-14,1.4232300519943235,0.20687987065129113,1.5084099992494655,0.3200067405847315,0.012516864069964039,0.66,0.0,0.0,0.22795226883815062,-0.1983821861077884,0.05169625846771999,0.18363993295639622,-0.66
2017-02-15,1.4200899600982666,0.20680520693301302,1.5022160985556356,0.3193725438300926,0.012424125152077596,0.66,0.0,-0.2208751149572771,-0.0360968877701932,-0.41146985587407975,-0.19837895223810206,-0.7436701444939706,-0.66
2017-02-16,1.41812002658844,0.20647021236137345,1.5042535856088364,0.318642854272972,0.012427439994536296,0.66,0.0,-0.1388152275835887,-0.16211689801469895,0.13554019026749098,-0.22873738704098373,0.026677132476773106,-0.66
2017-02-17,1.4164899587631226,0.20670839368659427,1.511712791627133,0.31824082021558053,0.012501566170495101,0.66,0.0,-0.11501180151238471,0.1152921996045086,0.4946488318805553,-0.1262504054967496,0.5946999566297695,-0.66
2017-02-20,1.418370008468628,0.20688915867874993,1.5072526519539053,0.3183413687339741,0.012561840470514117,0.66,0.0,0.1326379435220884,0.08741106064657315,-0.2954749235479766,0.03159011388479091,0.4809754482284741,-0.66
2017-02-21,1.4187400341033936,0.20626918057924123,1.505198597804764,0.31846017023568496,0.012524188289121729,0.66,0.0,0.026084686974507828,-0.3001166893871505,-0.13637096816976851,0.03731193969203193,-0.3001846966458481,-0.66
2017-02-22,1.4201799631118774,0.20634353268544003,1.497164119904767,0.3190483492702184,0.012493995540788692,0.66,0.0,0.10144203664604619,0.03603965879542917,-0.5352116206122162,0.1845243423197946,-0.24136654520034462,-0.66
2017-02-23,1.4139000177383425,0.20569707559953757,1.4922427396589342,0.3182309405186675,0.012466385286341607,0.66,0.0,-0.44317420075077263,-0.3137834491660633,-0.3292549273509271,-0.25653091600994493,-0.22123272797471075,-0.66
2017-02-24,1.4079099893569946,0.20507027817827717,1.490198780585743,0.31727549055932275,0.012494542156430283,0.66,0.0,-0.4245528482471711,-0.3051838964223277,-0.13706618415268385,-0.30068953908438917,0.2256076589794957,-0.66
2017-02-27,1.4056899547576904,0.20370251365118838,1.4833899182429207,0.31677520107215557,0.012529770656414347,0.66,0.0,-0.15780744271509545,-0.6692077647583599,-0.45795669356478036,-0.15780744271510658,0.28155437090107555,-0.66
2017-02-28,1.4052799940109253,0.20455015060061174,1.487383574421969,0.3166828155517578,0.01246423309039768,0.57,0.0,-0.029168632688613475,0.41525175052487756,0.2688632165776455,-0.029168632688602373,-0.5244275137666897,-0.66
2017-03-01,1.406000018119812,0.20476524324779283,1.486022236901647,0.3162393132601268,0.012434004924625347,0.66,0.0,0.051223935113085275,0.10509874302923436,-0.0915675627091874,-0.14014436975106104,-0.2428138136187192,-0.57
2017-03-02,1.4119000434875488,0.20515243553687554,1.4875571180519958,0.3176735410467265,0.012371956224560552,0.66,0.0,0.4187539558106656,0.18891227398688343,0.10323459396548047,0.4525007575059317,-0.5002735358744899,-0.66
2017-03-03,1.4124900102615356,0.20507724338329245,1.4844875980660532,0.3172708817342134,0.012353203327075702,0.66,0.0,0.04177657981653193,-0.036658563867480336,-0.20655954876353,-0.12683294853681515,-0.15169083978263237,-0.66
2017-03-06,1.4092400074005127,0.2043502175990397,1.4966757688727057,0.31671872813134494,0.01237836750981125,0.66,0.0,-0.23035543994792468,-0.35514303151633403,0.8176833816483156,-0.17418384587989122,0.20349852894990797,-0.66
2017-03-07,1.4123400449752808,0.20478490645509487,1.4941444344964623,0.3177725401446572,0.012397974378235187,0.66,0.0,0.2197377897910482,0.2124916654963731,-0.16927363121481143,0.3321757240763481,0.15827092316867433,-0.66
2017-03-08,1.4104100465774536,0.20433914360395855,1.4908251663538294,0.31680368415601484,0.01238005385598629,0.66,0.0,-0.1367459843046169,-0.21791093799775216,-0.22239888203979133,-0.3053555126579611,-0.14464851847062263,-0.66
2017-03-09,1.4169000387191772,0.20499428953029963,1.4944627680277736,0.3176905889238213,0.012384298714017179,0.66,0.0,0.45909386271058794,0.320104068092411,0.24370201831319319,0.2795629158757072,0.03428200321782187,-0.66
2017-03-10,1.4211599826812744,0.20566119044365963,1.5033639273591746,0.3193259137235995,0.01234192183231618,0.66,0.0,0.3002013438209466,0.3247985390022804,0.5938425662357442,0.5134336035048951,-0.34276911113297875,-0.66
2017-03-13,1.412350058555603,0.20598402971709673,1.5098081134611192,0.3177390335235282,0.012309992249380626,0.66,0.0,-0.621840218410208,0.15685319484624033,0.4277350141132408,-0.4981857780685583,-0.2590435832661745,-0.66
2017-03-14,1.41552996635437,0.20476348104777528,1.507743675793847,0.3182754116935153,0.012318060784726524,0.66,0.0,0.22489703318754467,-0.5943078070253281,-0.13682866996427553,0.16866858958410164,0.06552313025632975,-0.66
2017-03-15,1.414800047874451,0.20461349330841877,1.5014485834355045,0.31857690896995017,0.012339197882847782,0.66,0.0,-0.05157833132046432,-0.07327610269413623,-0.4183914485405239,0.09468358336045377,0.17144730956339815,-0.66
2017-03-16,1.4016900062561035,0.20274386900496383,1.5051219843557533,0.3159094140469549,0.012360364023343383,0.91,0.0,-0.9309556257013627,-0.9179347690016205,0.2443583255589926,-0.8408410213121177,0.17138883480711564,-0.66
2017-03-17,1.4013700485229492,0.20319429114591644,1.50993427609842,0.3159797218948036,0.012364302927495843,0.91,0.0,-0.022829174423025463,0.22191672033730186,0.31921764726042584,0.022253222642944933,0.031862141509246676,-0.91
2017-03-20,1.4014999866485596,0.20299532141391222,1.505629334828683,0.3167231471725228,0.01243853898731258,0.91,0.0,0.009271790990862953,-0.0979689001224849,-0.2855150644865335,0.234999920561559,0.5986110926311563,-0.91
2017-03-21,1.397070050239563,0.2022980049895974,1.5001289746509485,0.3158648190870277,0.012410347725285134,0.91,0.0,-0.31658597430733837,-0.34410490721323234,-0.3659885959596592,-0.2713705154119926,-0.22690170749769287,-0.91
2017-03-22,1.40024995803833,0.20337985142965265,1.514012855756505,0.3164764293502351,0.012554692708432378,0.91,0.0,0.22735397874378097,0.5333537374585983,0.9212558719389885,0.1934431623559854,1.1563898088299813,-0.91
2017-03-23,1.3992999792099,0.20329798055338466,1.509867691948358,0.31611883624798465,0.012564537149462252,0.91,0.0,-0.06786654185038093,-0.040263260465806104,-0.27416204702357244,-0.11305590154894925,0.07838171464314327,-0.91
2017-03-24,1.3996299505233765,0.20326323360249862,1.5093442759127385,0.316443589235231,0.0126088247110763,0.91,0.0,0.02357839054846865,-0.017093096813372358,-0.03467236129393571,0.10267856663483164,0.3518608881216614,-0.91
2017-03-27,1.3957300186157229,0.2036521545407443,1.514299737927445,0.3165279464739897,0.012625099446028343,0.91,0.0,-0.2790291397906197,0.1911557380262453,0.3277810766632047,0.02665435473762314,0.12899093384999227,-0.91
2017-03-28,1.3942500352859497,0.20288558961043,1.5142876254599147,0.31615648152553294,0.012586778023341454,0.91,0.0,-0.10609276338888844,-0.3771191481442969,-0.0007998757227130463,-0.11742504626345789,-0.3039952280041075,-0.91
2017-03-29,1.397320032119751,0.20314903297720924,1.5115804775658148,0.31631466351704074,0.012562890494940056,0.91,0.0,0.21994777113357933,0.12976400981145414,-0.17893368277939278,0.050020304023605654,-0.18996302529713754,-0.91
2017-03-30,1.3946000337600708,0.20247688159842112,1.5005378982201452,0.31559175985708915,0.012546557408493288,0.91,0.0,-0.19484792945737384,-0.33141471974727543,-0.7332134689880907,-0.22880095804613765,-0.13009516428393644,-0.91
2017-03-31,1.3972100019454956,0.20281753728037388,1.4932084277035358,0.31589646089358403,0.012500089372838329,0.82,0.0,0.18697324763460108,0.1681028636493588,-0.48965305426345435,0.09650253167965075,-0.37105237579232103,-0.91
2017-04-03,1.3970999717712402,0.2030609561069595,1.4905421644046442,0.3156931416258644,0.01255650904988204,0.91,0.0,-0.00787530197774854,0.11994666371130543,-0.17871895966267956,-0.06438335081258022,0.45033864089128356,-0.82
2017-04-04,1.3961199522018433,0.20280944212221935,1.489671350208809,0.3152223940994065,0.01261071779909516,0.91,0.0,-0.07017131742469626,-0.12393809355531638,-0.05843972026490638,-0.1492268258299755,0.43078908432681523,-0.91
2017-04-05,1.397699952125549,0.20300063140131822,1.4927908112976096,0.31550790209617835,0.012608476005094335,0.91,0.0,0.11310679616117973,0.09422599670062748,0.2091870446240975,0.09053252015781929,-0.017778474792942842,-0.91
2017-04-06,1.4003599882125854,0.20313030431976192,1.4945303765905606,0.3158231807382738,0.012686603944758098,0.91,0.0,0.19013437489652893,0.06385769289896555,0.11646323780838432,0.09987744208278718,0.6177342650230057,-0.91
2017-04-07,1.4021400213241575,0.20327351150840242,1.4925275378646032,0.31622463159651615,0.012643624094389098,0.91,0.0,0.12703181765465957,0.07047531986183535,-0.13410111778609735,0.12703181765465957,-0.33935653125522064,-0.91
2017-04-10,1.405769944190979,0.2035666047036856,1.4875872655835847,0.31715058781409666,0.012638974722198461,0.91,0.0,0.2585499487884624,0.1440827658377321,-0.33154942895472955,0.29238809756872175,-0.03677922729997397,-0.91
2017-04-11,1.4046399593353271,0.2034737007373421,1.4885810400122066,0.3170029080500676,0.012686759241502438,0.91,0.0,-0.08041424242958928,-0.04564853490667498,0.06678214156690233,-0.046575400959501204,0.37735985126378896,-0.91
2017-04-12,1.4031100273132324,0.20362077370821716,1.488884717967096,0.3170869981545056,0.012803617701933341,0.91,0.0,-0.10897923111303669,0.07225496119738506,0.0203984180257099,0.02652308579844356,0.9168893764612359,-0.91
2017-04-13,1.3949899673461914,0.20243944042268963,1.4885449702512688,0.31632426657901225,0.01280958992372357,0.91,0.0,-0.5803997553447361,-0.581852925886093,-0.02282154427668593,-0.24083308479568824,0.0466339240734476,-0.91
2017-04-14,1.398210048675537,0.20303638607213095,1.4843939164159679,0.31759454860067116,0.012815740234009783,0.91,0.0,0.23056585546238534,0.29444225362393,-0.2792560958146298,0.4007717365352286,0.04800180420271458,-0.91
2017-04-17,1.3957300186157229,0.20254390659388796,1.4809435759823375,0.31703122549474094,0.012884890962967473,0.91,0.0,-0.1775292705953027,-0.2428518984723182,-0.23271158844995246,-0.17752927059529158,0.538126050676713,-0.91
2017-04-18,1.3978999853134155,0.20352036912358903,1.4879981745909987,0.31705602420329854,0.012811606345489794,0.91,0.0,0.1553510759160291,0.4809408117173801,0.4752273690859926,0.007821860030166881,-0.5703875924092359,-0.91
2017-04-19,1.3956600427627563,0.20280156301208602,1.4973608142923922,0.3172675584247443,0.01285907767698353,0.91,0.0,-0.16036476812259384,-0.3538114999477153,0.6272391650284768,0.06669600030029889,0.3698490119301059,-0.91
2017-04-20,1.3980000019073486,0.2030206172167294,1.4979587565832162,0.3180163855829432,0.012845250625828508,0.91,0.0,0.1675192868416384,0.10795576811228125,0.039925108798443125,0.23574576756407858,-0.1075854021612382,-0.91
2017-04-21,1.3984899520874023,0.20321867331911905,1.4984677343686599,0.3180554933497101,0.01278619384765625,0.91,0.0,0.03504036797036205,0.09750712089934564,0.033972319486287386,0.01229665014645263,-0.46081587590453493,-0.91
2017-04-24,1.3929400444030762,0.20508238307797788,1.5146744793382254,0.3167212640543911,0.012665624803156927,0.91,0.0,-0.3976395613790603,0.9129159346251288,1.0757475161312477,-0.42037810761211536,-0.9474367867006087,-0.91
2017-04-25,1.3932199478149414,0.20242933716900002,1.5137112857056536,0.3188876084220641,0.01270710740098108,0.91,0.0,0.020092414907170977,-1.3020893687145392,-0.06361102843424976,0.6816622139755,0.3269859505182561,-0.91
2017-04-26,1.3940600156784058,0.20257494627726177,1.5234630487380372,0.32084236662688453,0.012553896993690356,0.91,0.0,0.060278687459028195,0.07190497507654833,0.6421624490304436,0.6111216809431482,-1.2130339995436834,-0.91
2017-04-27,1.3950999975204468,0.2024201660451338,1.5219051962982917,0.32108171804052293,0.012546878558342179,0.91,0.0,0.07457312490610066,-0.0764356087045851,-0.10230963550445363,0.07457312490607847,-0.05592206118518301,-0.91
2017-04-28,1.3967000246047974,0.20251127155097315,1.517410082905073,0.32185736618643773,0.012557316191031604,0.83,0.0,0.11462334313727986,0.04499799171804551,-0.2957979846006759,0.24128211870863783,0.08315449585273203,-0.91
2017-05-01,1.3968499898910522,0.20208764667428822,1.5236147632365658,0.32185482506449387,0.012550088636135562,0.91,0.0,0.01073653849909439,-0.20940492542303119,0.40806565255561766,-0.0007895211488615684,-0.057573095630037305,-0.83
2017-05-02,1.3961900472640991,0.20255186736774342,1.523094324226065,0.32278119143917733,0.012486943185600523,0.91,0.0,-0.047256224791285904,0.22944911755295533,-0.03416401110984894,0.2874077738881275,-0.5044174954316418,-0.91
2017-05-03,1.3930699825286863,0.2020845742501565,1.5234132218560033,0.32265661739515156,0.01244156829575032,0.91,0.0,-0.22371998332388707,-0.2309694714875991,0.020935292381805023,-0.03860140942087536,-0.36404050835700247,-0.91
2017-05-04,1.39723002910614,0.20259400122847776,1.5214404055971185,0.3229469660966736,0.012388658438283198,0.91,0.0,0.29817938159964963,0.25176882507953674,-0.12958366978030933,0.0899464403611018,-0.42617361584852903,-0.91
2017-05-05,1.399899959564209,0.20301939698363192,1.5373043334491854,0.3229296302757604,0.012439463711276605,0.91,0.0,0.1909050548067378,0.20975436856703894,1.0372928406046877,-0.00536815268265318,0.40925643590083705,-0.91
2017-05-08,1.4063800573349,0.20427616218627975,1.5421172475147247,0.32442446250498014,0.012480743326023105,0.91,0.0,0.46182912961571415,0.6171288456198198,0.3125858449653346,0.46182912961571415,0.33129461918563446,-0.91
2017-05-09,1.4055399894714355,0.2035686853383054,1.5359414573342747,0.32355893966516897,0.012413140932626916,0.91,0.0,-0.05975048183972114,-0.34693465512145194,-0.40127879678450845,-0.26714368042497166,-0.5431258446842729,-0.91
2017-05-10,1.4099899530410769,0.20413631076435815,1.5350337857837106,0.3248824662368541,0.012401185396947546,0.91,0.0,0.3161015770277134,0.2784492700511292,-0.05911292049840443,0.408218351758469,-0.09635995308246613,-0.91
2017-05-11,1.4114999771118164,0.20447631494600954,1.5344058258273208,0.32478138838604237,0.012346056442356458,0.91,0.0,0.10703736339949847,0.166418871434084,-0.04091691283160649,-0.03111696946291403,-0.44553688966997246,-0.91
2017-05-12,1.407729983329773,0.20390949908648284,1.5294928218489192,0.32406308191368893,0.01236923272090496,0.91,0.0,-0.2674486354170694,-0.27758859589095164,-0.32070304890790535,-0.2214110772854208,0.1875461394659178,-0.91
2017-05-15,1.4040199518203735,0.20341923969272568,1.5342132792309116,0.3249293958790059,0.012395228307961855,0.91,0.0,-0.2638949940812231,-0.24071939140059298,0.3081536519270697,0.26697211739997856,0.20994276091665084,-0.91
2017-05-16,1.3972100019454956,0.20267043677425683,1.534383993636638,0.3238030089032071,0.012294838378039654,0.91,0.0,-0.4862123712092211,-0.3687873937857672,0.011126543545599188,-0.34725816049996916,-0.8132054435743509,-0.91
2017-05-17,1.3947099447250366,0.2024663894726736,1.5472879347818491,0.32281216941873986,0.012381353076251884,0.91,0.0,-0.1790923763172873,-0.10073007715768777,0.8374685471654575,-0.30646984271746597,0.7012026378175618,-0.91
2017-05-18,1.3911999464035034,0.20217109440894865,1.5520722334873938,0.32162754426604284,0.012519122017173862,0.91,0.0,-0.25198231930908305,-0.14595539361030868,0.3087283984986882,-0.36764540168918436,1.1065680169646475,-0.91
2017-05-19,1.3925700187683103,0.20214106394951645,1.5476438957169305,0.32235415820197955,0.012500516212249216,0.91,0.0,0.09843288005621609,-0.014855086035179587,-0.28572556960640844,0.2256630092133003,-0.1487296353670972,-0.91
2017-05-22,1.386240005493164,0.20225565217512298,1.5532622174587232,0.32223151807126355,0.012456777686550098,0.91,0.0,-0.4555924420111245,0.056671196428811854,0.36236684920934836,-0.03805239139190838,-0.35050731586319445,-0.91
2017-05-23,1.3859000205993652,0.20131021476996958,1.5575936155685781,0.3229783398576645,0.01249785857366902,0.91,0.0,-0.02452869568660276,-0.4685426653775546,0.27847005077350473,0.2314974300990773,0.3292448248975449,-0.91
2017-05-24,1.3908799886703491,0.20183421979153734,1.5549072049894193,0.323761635808961,0.012423340921704069,0.91,0.0,0.358686924679708,0.25995909740603496,-0.17262075746255637,0.24222913806677807,-0.5980279886971684,-0.91
2017-05-25,1.384029984474182,0.20087518306152574,1.554391265007098,0.32367398902382416,0.012410153498087311,0.91,0.0,-0.49371101596514333,-0.4762930968268123,-0.033186906437920986,-0.027075058063072237,-0.1062067595759016,-0.91
2017-05-26,1.3862099647521973,0.20184485993546586,1.554047036052964,0.32486756510665193,0.012406783523704008,0.91,0.0,0.15738569712078798,0.4815646823338773,-0.022148032047068143,0.368080479286278,-0.02715866507665313,-0.91
2017-05-29,1.3828200101852417,0.20166545655124685,1.5454473415122294,0.3235802085631184,0.012429172818998822,0.91,0.0,-0.2448479280626874,-0.08892134288027438,-0.5549109345205675,-0.39705841769490907,0.18029747718170858,-0.91
2017-05-30,1.3870500326156616,0.20230594038568991,1.5436537944484456,0.32400139876683964,0.01247638825343391,0.91,0.0,0.3054313490153703,0.3170939209873506,-0.11612098059471102,0.13008098387766232,0.37915621223408136,-0.91
2017-05-31,1.385599970817566,0.20210623707412648,1.547948869528426,0.3231117129721211,0.012501015073490716,0.83,0.0,-0.10459754592215573,-0.0987622722195687,0.2778544535041161,-0.27497089431440563,0.19719286039937015,-0.91
2017-06-01,1.3836100101470947,0.20313747670315332,1.555666796316501,0.3228584748888576,0.012487906060443928,0.91,0.0,-0.1437204853861946,0.5089489706933253,0.4973517038298841,-0.07840550570145083,-0.10491860916324318,-0.83
2017-06-02,1.3864200115203855,0.203627768106397,1.5549798061072122,0.32411921965253476,0.012441290195922708,0.91,0.0,0.2028860564835361,0.24106860010295067,-0.04417025192915631,0.38973410370389855,-0.373986536709112,-0.91
2017-06-05,1.381749987602234,0.20281675694036116,1.5587279994701648,0.32427832360578857,0.01250871350287452,0.91,0.0,-0.33740907170562057,-0.39907647534579244,0.24075445786534316,0.04907605159869833,0.5404686258872863,-0.91
2017-06-06,1.3809000253677368,0.20298994371852505,1.554454955773977,0.3233957919288108,0.012510305818940163,0.91,0.0,-0.061532387911961674,0.08535432677534216,-0.27451302676370665,-0.27252354294136216,0.012728844782552163,-0.91
2017-06-07,1.379649996757507,0.20301808230028084,1.5550608977307971,0.32393755660972007,0.012598507546627441,0.91,0.0,-0.09056374169265378,0.01386109633190352,0.038973396055021294,0.167383561691074,0.7025588123003138,-0.91
2017-06-08,1.3825700283050537,0.20339389498330843,1.5561070742169534,0.3245469375638861,0.012580254859955488,0.91,0.0,0.21142650540450308,0.1849417887026526,0.0672529760540713,0.18794007844741256,-0.14498480564345337,-0.91
2017-06-09,1.3827999830245972,0.20337686363573884,1.5466349037561853,0.32441056771871024,0.01258704310459595,0.91,0.0,0.016631027249973673,-0.008373929157227723,-0.6105696158105471,-0.042027358054423404,0.053944963139405576,-0.91
2017-06-12,1.383999943733215,0.20398536920688148,1.5503528298457778,0.32469208344007394,0.01254896197643983,0.91,0.0,0.08673997510616958,0.29875426570264974,0.24009961908079339,0.08673997510616958,-0.3030008720036043,-0.91
2017-06-13,1.3845200538635254,0.20367778276607088,1.5501366251098148,0.32489031849903316,0.012595592142044821,0.91,0.0,0.03757315366193799,-0.15090228179336831,-0.013946490672170266,0.06103461686196208,0.37089716398066064,-0.91
2017-06-14,1.3816200494766235,0.2032152808116247,1.5486409973827904,0.32466692550672704,0.012553905280500438,0.91,0.0,-0.2096788550872307,-0.2273335158705812,-0.096530182243783,-0.06878316058365323,-0.33151278550382446,-0.91
2017-06-15,1.375599980354309,0.2025622151027833,1.5428442845301333,0.32253224464642666,0.012568755286572487,1.16,0.0,-0.4366774231601791,-0.32188392864589593,-0.3750119517000862,-0.6596697585160773,0.1182200250003737,-0.91
2017-06-16,1.3836499452590942,0.20322390882657576,1.5423415077250124,0.3237365210390721,0.012470707169527862,1.16,0.0,0.5834910182841291,0.3261295895823077,-0.03259296803673515,0.3726863653293752,-0.7831527401728482,-1.16
2017-06-19,1.3830000162124634,0.20328071378248197,1.5501009005823363,0.3235087685053247,0.012464624858428093,1.16,0.0,-0.046983107197321065,0.02794800015378144,0.5018304703397097,-0.07037596003449516,-0.048784682021309936,-1.16
2017-06-20,1.3873599767684937,0.203434172284375,1.5461495800894625,0.32403597366999015,0.012423414970401107,1.16,0.0,0.3147579496296604,0.07546245019915333,-0.2552327508754088,0.16283207840794608,-0.33116248585525426,-1.16
2017-06-21,1.3887900114059448,0.2034439897239438,1.5466918382225714,0.3241428338984077,0.01247408712499409,1.16,0.0,0.10302287484650893,0.004825739244528352,0.03506536969239729,0.03297245393955265,0.40704665362100817,-1.16
2017-06-22,1.3888100385665894,0.20339030779575645,1.5509113956583889,0.324147508226818,0.01247695686845665,1.16,0.0,0.0014420478315577492,-0.02639007026997938,0.2724403177005864,0.0014420478315355452,0.023002993189112017,-1.16
2017-06-23,1.3898099660873413,0.20334913116021933,1.5495880906075286,0.32425981545741867,0.012488183616264423,1.16,0.0,0.07197296227923386,-0.020247181234000135,-0.08536077087410361,0.034640951026165615,0.08993939826959492,-1.16
2017-06-26,1.3872300386428833,0.2029835325050536,1.5535360827137765,0.3237031904305443,0.012470716730938242,1.16,0.0,-0.1858041787148322,-0.17995046252260216,0.2544528685212031,-0.17180769850633693,-0.1399652062767691,-1.16
2017-06-27,1.3877999782562256,0.20290066996186584,1.5520539215340534,0.3237984253692512,0.01240680109650804,1.16,0.0,0.041076285149006776,-0.040830632892493605,-0.09545118899970888,0.029416124089825482,-0.5138436680594483,-1.16
2017-06-28,1.3863999843597412,0.20350526329493449,1.5720603265798445,0.3229067198334274,0.012357827402329567,1.16,0.0,-0.10092956774532097,0.2975319647715075,1.280790454363911,-0.27576898298891245,-0.39551377096178064,-1.16
2017-06-29,1.3819600343704224,0.2032294111187483,1.5730367574482642,0.32198511028137394,0.012300052336056525,1.16,0.0,-0.32076419007304363,-0.13564234171995318,0.062092258121366,-0.2858185315488193,-0.46861427352258633,-1.16
2017-06-30,1.3783999681472778,0.20313305919254251,1.577116724762817,0.3212304832635265,0.012306153390339402,1.06,0.0,-0.2579423114219158,-0.047421666640432195,0.25903306736706,-0.23464212362053916,0.0495895586320253,-1.16
2017-07-03,1.376389980316162,0.20306427723513945,1.572262429710861,0.320426037452505,0.012260515290968272,1.16,0.0,-0.145926783921922,-0.033866277246107586,-0.3082702118783181,-0.25074045272431833,-0.371545303634258,-1.06
2017-07-04,1.3818800449371338,0.2032236332498236,1.5713896409387473,0.32174156470086157,0.012187395495006302,1.16,0.0,0.39808081302535275,0.07844487553946089,-0.055527060560394054,0.4097151847024717,-0.5981698364753942,-1.16
2017-07-05,1.3816200494766235,0.20321827390233363,1.5695411800374612,0.32168103025245837,0.01223083934519124,1.16,0.0,-0.018816388810905745,-0.002637202215604423,-0.1177014853266195,-0.018816388810905745,0.35583158494738737,-1.16
2017-07-06,1.381119966506958,0.20308199000849161,1.567139456624773,0.32152718665730645,0.012202108101662711,1.16,0.0,-0.03620195691480157,-0.06708531155819208,-0.15313792892892483,-0.047836328591924576,-0.2351845337870523,-1.16
2017-07-07,1.3824800252914429,0.2033088742662911,1.579453658617524,0.32176887210731936,0.012218225525070821,1.16,0.0,0.09842661009703538,0.11165816031656972,0.7827046210556416,0.07513973017284102,0.13200004549255837,-1.16
2017-07-10,1.382030010223389,0.20315307343000827,1.5760405707405882,0.3217764809484963,0.012124665550932844,1.16,0.0,-0.032556588057027366,-0.07666195804861305,-0.21632675960599887,0.0023646635442877238,-0.7686879470119219,-1.16
2017-07-11,1.382030010223389,0.20315307343000827,1.5760405707405882,0.3217764809484963,0.012124665550932844,1.16,0.0,0.0,0.0,0.0,0.0,0.0,-1.16
2017-07-12,1.3813300132751465,0.20308599171954905,1.5849301829700266,0.3219883509459271,0.012143773955881405,1.16,0.0,-0.05066274081279847,-0.03302573131131372,0.5624623799674748,0.06582217436662315,0.15747538190106247,-1.16
2017-07-13,1.37732994556427,0.20290658866993344,1.5727613292892784,0.321055934221814,0.012152732665905759,1.16,0.0,-0.2900009840979976,-0.08837750735273867,-0.7707474827424492,-0.29000098409798647,0.07374484381488733,-1.16
2017-07-14,1.3730000257492063,0.20242975270988203,1.565760789790758,0.3200466288946425,0.012105662545765738,1.16,0.0,-0.3148657388368797,-0.235279263830097,-0.44610494001282075,-0.3148657388368797,-0.3880733148474042,-1.16
2017-07-17,1.370100021362305,0.20326385680439663,1.5722433985756652,0.31972092790359335,0.012189826976466358,1.16,0.0,-0.21144000710968563,0.41119960987364346,0.4131682188876454,-0.10181854822931723,0.6928427377669629,-1.16
2017-07-18,1.3704400062561035,0.2024433194544918,1.5724891261932044,0.3198972996924935,0.012172924300313555,1.16,0.0,0.02481152562023766,-0.40449788256819275,0.015627886702848284,0.05514908292503129,-0.1387583748058185,-1.16
2017-07-19,1.366529941558838,0.202586940922142,1.5783071821481371,0.3189845861606583,0.012201704612222466,1.16,0.0,-0.28572234491977916,0.07091888568333718,0.3693074383854246,-0.28572234491979026,0.23614985390797175,-1.16
2017-07-20,1.3686000108718872,0.20271651972786386,1.5777824086355423,0.3190953602043874,0.012233077614805077,1.16,0.0,0.1513690204346435,0.06394162533375147,-0.03325466545458326,0.03472105508816835,0.25678984597325116,-1.16
2017-07-21,1.3666499853134155,0.2022000550145152,1.5892387797992455,0.31912435546254986,0.012214773733921826,1.16,0.0,-0.1425848380634484,-0.2550969881879731,0.723482443182324,0.009086293472503903,-0.1497381838769382,-1.16
2017-07-24,1.3617600202560425,0.20265191135087757,1.5907668445319416,0.31854034850939594,0.012274190130261193,1.16,0.0,-0.3584483478014929,0.22322061470647142,0.09610453759047746,-0.18317059507980318,0.48525134226267047,-1.16
2017-07-25,1.3622699975967407,0.20181478351278392,1.5855282108910131,0.3183245694983332,0.012247104879343123,1.16,0.0,0.03744285806794744,-0.4139421337081615,-0.32985842306842716,-0.06776288447306487,-0.22091216571248304,-1.16
2017-07-26,1.3624999523162842,0.20185781962263474,1.5865714203378618,0.3181924174875181,0.01216485248040984,1.16,0.0,0.016878835594672497,0.02132228428661814,0.06577406801400859,-0.04152348339978422,-0.6738723075774672,-1.16
2017-07-27,1.3561400175094604,0.20079063961765484,1.590481584439388,0.3172257280132064,0.01220340542095649,1.16,0.0,-0.46787706202100365,-0.5300815037768551,0.2461505092899413,-0.30426900048555333,0.3164196051202054,-1.16
2017-07-28,1.3582099676132202,0.2015148388332799,1.587565504054126,0.31741295381298684,0.012225442326263145,1.16,0.0,0.15251905733350424,0.36002492467010594,-0.1835140337727075,0.05900233016783918,0.1804171159627023,-1.16
2017-07-31,1.3569899797439575,0.2013666833704841,1.594095791335107,0.3171278432907314,0.01227934081542354,1.07,0.0,-0.0898635809528368,-0.0735479098986,0.4104960173123005,-0.08986358095285901,0.43990249386350044,-1.16
2017-08-01,1.3554999828338623,0.20154634767770274,1.602757383433925,0.3164098992019211,0.012282640913655227,1.16,0.0,-0.10986194091156729,0.08918267977548927,0.5418837100144053,-0.2266461326569972,0.026871596013268162,-1.07
2017-08-02,1.359179973602295,0.2024487258169575,1.6053623173775122,0.3171948709457156,0.012307845401405766,1.16,0.0,0.2711180015054229,0.4467280415812791,0.16239634172118445,0.2477797461093641,0.20499388465852045,-1.16
2017-08-03,1.3603800535202026,0.20238630328096616,1.6122067795716788,0.31803156165808005,0.012282564596736743,1.16,0.0,0.08825545189918228,-0.03083850556368263,0.4254437006196469,0.2634308502534305,-0.20561522624227713,-1.16
2017-08-04,1.3573999404907229,0.20212638300597704,1.6132634201172784,0.3173719794784982,0.012351227676471748,1.16,0.0,-0.21930503796803918,-0.12851033827703628,0.06551854569915737,-0.2076105573203786,0.557472083847466,-1.16
2017-08-07,1.3607900142669678,0.20113070956953705,1.6027963094203699,0.3179787386005334,0.012283049988557906,1.16,0.0,0.24943624914957374,-0.49381671301176877,-0.6509299288955083,0.19099980191386548,-0.5535202851286378,-1.16
2017-08-08,1.3622000217437744,0.20266310168546312,1.6075242398559053,0.31804810277148937,0.012299774462697737,1.16,0.0,0.1035631848947628,0.7590009701692171,0.29454590475631953,0.021811711933837588,0.13606635603087364,-1.16
2017-08-09,1.3631000518798828,0.2031506303179412,1.602271023483354,0.3179983807671266,0.012380338998131075,1.16,0.0,0.06604998675484461,0.24027223751951124,-0.3273243700525923,-0.015634707761422024,0.652872376197168,-1.16
2017-08-10,1.3628000020980835,0.20426271384074893,1.6028604230285026,0.31774306159693194,0.012383574203344998,1.16,0.0,-0.02201473106640094,0.5459253118456955,0.036778494837329354,-0.0803217053058583,0.026128384524753686,-1.16
2017-08-11,1.3638299703598022,0.20521682070347722,1.6052612666910449,0.31772392878269057,0.012500045233666894,1.16,0.0,0.07554881455215343,0.46601039070254685,0.14967288294784553,-0.006021654794602349,0.9361329543619423,-1.16
2017-08-14,1.3601900339126587,0.20417141958970386,1.6084931477429762,0.3169867324585651,0.01245253128362481,1.16,0.0,-0.2672475685084079,-0.5107149073396314,0.20112813392940596,-0.23229376805449753,-0.38083447964303346,-1.16
2017-08-15,1.3635300397872925,0.20446713679913978,1.6056642399393013,0.31758007610292266,0.012403395277342848,1.16,0.0,0.24525336366540618,0.14473292176372016,-0.17602800317022238,0.18700751733983087,-0.3953670378551522,-1.16
2017-08-16,1.3667199611663818,0.20446411711971926,1.6046964300820716,0.3183971939646913,0.01235777019846594,1.16,0.0,0.23367258159257476,-0.0014768640898075373,-0.060292906998624336,0.25696462746424686,-0.36852167202693165,-1.16
2017-08-17,1.3629599809646606,0.2037400713277723,1.6047851419721297,0.3174842559330291,0.012390657861964827,1.16,0.0,-0.2754888968256919,-0.3547472425587126,0.005528113378383816,-0.28714115156960807,0.26577593354685164,-1.16
2017-08-18,1.3667999505996704,0.20468124381969005,1.6012746935498254,0.3188243278370447,0.012501828570660942,1.16,0.0,0.28134138269690745,0.46088395634425616,-0.21898841601767208,0.4212025169540436,0.8932128827151008,-1.16
2017-08-21,1.3635799884796145,0.2044746268182871,1.6030612792643808,0.31825882824825763,0.012473289354977683,1.16,0.0,-0.23586194483141334,-0.10099672706336066,0.11151052291905662,-0.17752776286895003,-0.22854128809474708,-1.16
2017-08-22,1.3608900308609009,0.20415697562543073,1.6074770148322415,0.3180764299124062,0.012491647340020399,1.16,0.0,-0.1974665511969849,-0.1554707247016691,0.2750777562994305,-0.0573277493295163,0.14707017747308176,-1.16
2017-08-23,1.3624500036239624,0.20451987484858375,1.602542973185436,0.3187017481240223,0.012416272236321758,1.16,0.0,0.11456321384231119,0.17759719843022437,-0.30741525292369615,0.19640070410353977,-0.605231870558355,-1.16
2017-08-24,1.3601200580596924,0.20427437541120697,1.6071938692657568,0.3180079667594215,0.012488476837072117,1.16,0.0,-0.17115784573251855,-0.12010906060164975,0.28979941743536175,-0.21792714103779542,0.5798476655573721,-1.16
2017-08-25,1.3616299629211426,0.20440903812299124,1.6070222763150355,0.3188828967220963,0.012433387180451963,1.16,0.0,0.11095104287341866,0.06590074967482511,-0.010677125813107025,0.27475053050069076,-0.4420997266469387,-1.16
2017-08-28,1.3558599948883057,0.20596697278488282,1.6205045862734835,0.317866597834284,0.012399721860546312,1.16,0.0,-0.42465486852356055,0.7592754474147728,0.8354625045243859,-0.31921493758291497,-0.2711327081414425,-1.16
2017-08-29,1.3552900552749634,0.20511700025446133,1.621451312998616,0.31777024565108286,0.012463927286580145,1.16,0.0,-0.04204412232393566,-0.4135280368077836,0.05840466566842788,-0.03031673979462352,0.5164613477908861,-1.16
2017-08-30,1.355139970779419,0.20546744704644943,1.6221644530487254,0.3174373281392449,0.012343018120767359,1.16,0.0,-0.01107458921685357,0.17070635743459572,0.043971919797957726,-0.10482165391523324,-0.974808637477862,-1.16
2017-08-31,1.3574999570846558,0.2058159105014862,1.6145336856646963,0.318064647854987,0.012289516280427702,1.07,0.0,0.17399927475923035,0.16945180592550332,-0.4715164154799339,0.19742500989627815,-0.43440048515969176,-1.16
2017-09-01,1.3558000326156616,0.20574221631958525,1.6148164876543805,0.3176663525366049,0.012311017621754829,1.16,0.0,-0.1253031141315884,-0.03581228404249319,0.01751448280483092,-0.1253031141315884,0.17480390374981505,-1.07
2017-09-04,1.35725998878479,0.20732604385197298,1.6128097349293569,0.3180084228566768,0.012361765211711444,1.16,0.0,0.10762432814126323,0.7668637108706734,-0.12434853636779869,0.10762432814124105,0.4113655266401039,-1.16
2017-09-05,1.3570400476455688,0.20781942024623137,1.6139866953845967,0.31896581869338436,0.012358073743890785,1.16,0.0,-0.016206103728439947,0.237688554594277,0.07294916384417642,0.30060762122379325,-0.029866439297833804,-1.16
2017-09-06,1.352810025215149,0.20693396045097562,1.6130998374161578,0.3193602468656625,0.012456585126494932,1.16,0.0,-0.31219630255539044,-0.42698200025685235,-0.05496338457311715,0.12358205116752485,0.7939814980872796,-1.16
2017-09-07,1.3497999906539917,0.20698643706454573,1.610009790597715,0.3208462233520328,0.012368280805600398,1.16,0.0,-0.2227502886523957,0.025355896528038716,-0.19174326174391992,0.4642187244430895,-0.711421310988446,-1.16
2017-09-08,1.3394099473953247,0.20655243708596804,1.6111845983113682,0.3194776173724539,0.012371016799889226,1.16,0.0,-0.7727247182180256,-0.2098956906074581,0.07294237005919402,-0.4274737177105926,0.02211860937698026,-1.16
2017-09-11,1.3424999713897705,0.20556125052842777,1.6133684389682514,0.32002381798666063,0.01240402413877742,1.16,0.0,0.23043468687306465,-0.48102671595572166,0.1354507719690019,0.17082080408987405,0.26645653986200857,-1.16
2017-09-12,1.3463499546051023,0.20616654354603905,1.6101582824688874,0.3202164088680252,0.012307235211112698,1.16,0.0,0.2863667331614479,0.29402603486686246,-0.19917052582257835,0.06016207014036037,-0.7833629298626368,-1.16
2017-09-13,1.3466999530792236,0.20607497850401987,1.6126211662863739,0.32113984490369846,0.01221762540991402,1.16,0.0,0.025992721122121913,-0.044423008662306585,0.15284224912719613,0.2879637232382908,-0.7307703098949488,-1.16
2017-09-14,1.350100040435791,0.2063678918669608,1.6053507220303231,0.3211465370268477,0.012216441640429943,1.16,0.0,0.2521573098721916,0.14203829583632027,-0.45186576385365845,0.0020838440103107506,-0.009689500176658776,-1.16
2017-09-15,1.3459999561309814,0.20534569311613823,1.6046540607551663,0.321432825344712,0.01224538043310396,1.16,0.0,-0.30414951008853097,-0.4965592044942831,-0.043405622934321916,0.0891059855237592,0.23660384812958268,-1.16
2017-09-18,1.346400022506714,0.2055352838522927,1.60721963650866,0.3215667751422853,0.012108240685489415,1.16,0.0,0.029718198027874055,0.09228499747480542,0.15975574016700195,0.04166403817656212,-1.1262489184063686,-1.16
2017-09-19,1.347309947013855,0.2049732894008541,1.6112871055881328,0.32155368224687486,0.012083930548739415,1.16,0.0,0.06755920659952709,-0.27380417324051576,0.252755179394011,-0.004071677478714174,-0.20097530475650083,-1.16
2017-09-20,1.3467899560928345,0.20457672183205478,1.6151465014183373,0.3216599047350604,0.012070389509852885,1.16,0.0,-0.03860220082246696,-0.19366020357171615,0.23923614374460317,0.033028683255765044,-0.11212106382821069,-1.16
2017-09-21,1.3508000373840332,0.2054479925938631,1.6036851958166949,0.32192564476996244,0.012002204129455804,1.16,0.0,0.2973086536305165,0.4249851496781927,-0.7121437290222047,0.08258111146482343,-0.566499512018022,-1.16
2017-09-22,1.34961998462677,0.2047981719843777,1.612198738986237,0.32172107971387043,0.012001742457872347,1.16,0.0,-0.08739772500267515,-0.3167957236687168,0.5294695474741095,-0.06356439183119036,-0.0038466306516281197,-1.16
2017-09-25,1.3473199605941772,0.20399720955753617,1.606975056444952,0.3207904813762157,0.011982141845441727,1.16,0.0,-0.170565502897633,-0.3918652156851829,-0.32453588765564073,-0.28967540655952073,-0.16344822670404996,-1.16
2017-09-26,1.350600004196167,0.2040027167581556,1.6012236039557308,0.3212654627549233,0.012084716359183978,1.16,0.0,0.24315363397471337,0.0026996086344826657,-0.358547537704467,0.14795641086985278,0.8524181592157648,-1.16
2017-09-27,1.3557900190353394,0.20419755103506473,1.5979421347343674,0.32135341625184055,0.012064657646048284,1.16,0.0,0.38353830429344155,0.0954601488910676,-0.20514538102895213,0.027373455819543653,-0.16612205139788422,-1.16
2017-09-28,1.3593699932098389,0.2047089796180391,1.5972105761938167,0.32174438435355607,0.012044745577337495,1.16,0.0,0.2637027823718436,0.25014462294588286,-0.04579177394757495,0.12158901788013599,-0.16518097153844724,-1.16
2017-09-29,1.358309984207153,0.20379744815925113,1.6003274760288375,0.32187441984338716,0.012077408924940344,1.06,0.0,-0.0780083795920067,-0.44627595046788276,0.1949562927064552,0.0404076110742793,0.27081633659976645,-1.16
2017-10-02,1.359089970588684,0.2041349890731685,1.6047252476035399,0.3212219304523247,0.012065998727756915,1.16,0.0,0.057406816510407556,0.1654886741742146,0.2744275813163158,-0.20292126200340205,-0.09452019530183776,-1.06
2017-10-03,1.361780047416687,0.20472661776021808,1.5978832228544917,0.3216296601707649,0.012075730140588022,1.16,0.0,0.19773658327758456,0.2894031085773579,-0.4272789022806034,0.12685035832864286,0.08061902617867325,-1.16
2017-10-04,1.361899971961975,0.20476311278853554,1.5999013681646799,0.3223050378738807,0.012068445848558871,1.16,0.0,0.008806067123331297,0.017824636708322312,0.12622148369818648,0.2097659755919492,-0.060339953232922044,-1.16
2017-10-05,1.3617299795150757,0.2046544797452779,1.6010181716696792,0.32215043844875296,0.012069613492714602,1.16,0.0,-0.012482785851871797,-0.05306711181349309,0.06978017013035451,-0.047978311543109935,0.009674714442722327,-1.16
2017-10-06,1.364169955253601,0.20501809844176394,1.5977628997511175,0.3221180430333418,0.0120964932533298,1.16,0.0,0.17902171382416,0.17751678356511164,-0.20353209360909527,-0.010056495504464896,0.22245843720569577,-1.16
2017-10-09,1.3646299839019775,0.20520751343336302,1.6024118874096587,0.32272201007532075,0.012124547570088295,1.16,0.0,0.03371655401581649,0.0923467475344682,0.290546063148784,0.18732310925076984,0.23165254960476533,-1.16
2017-10-10,1.363019943237305,0.20572954545765337,1.6004085385668534,0.32322028474539477,0.01209874112752212,1.16,0.0,-0.11805333489760016,0.25406922729915643,-0.12509905880600855,0.15427841554928715,-0.2130714177719043,-1.16
2017-10-11,1.3556699752807615,0.20629849668661526,1.6017083428879457,0.321782585562167,0.012067025328679567,1.16,0.0,-0.5407005641404967,0.276171295341741,0.08118406920187302,-0.44579695081048376,-0.26248550493797373,-1.16
2017-10-12,1.3531399965286257,0.205347902983845,1.6055673236879926,0.32068727947199965,0.012034971799454557,1.16,0.0,-0.1867963802642046,-0.4618504586738844,0.2406392878825054,-0.34096763472887087,-0.2659825071917872,-1.16
2017-10-13,1.3517999649047852,0.2051912570876873,1.5994226480808038,0.320331761164233,0.012043941802915972,1.16,0.0,-0.09908033099227391,-0.07631228345301305,-0.38344476519867926,-0.11092286552546586,0.07450505470868886,-1.16
2017-10-16,1.3499200344085691,0.20505217916525936,1.594801886525232,0.3203341333989921,0.012065568981161297,1.16,0.0,-0.13916547977580596,-0.06780263398059018,-0.28931997289008293,0.0007405528464193492,0.17940790454024105,-1.16
2017-10-17,1.3524999618530271,0.20528192413364146,1.5952112868517359,0.3204596527183841,0.012054904100288711,1.16,0.0,0.19093466091945668,0.1119794774756783,0.025667626213467666,0.03917619793347051,-0.08843011935592344,-1.16
2017-10-18,1.354200005531311,0.20450014513217468,1.5941517616536203,0.32086245894545606,0.012068120774488302,1.16,0.0,0.12561746202546065,-0.381558886333042,-0.06644118094919933,0.12561746202546065,0.10957726562614131,-1.16
2017-10-19,1.3561999797821045,0.20462294913545118,1.599669703477957,0.3213363303479934,0.012000389104992697,1.16,0.0,0.14757782058829658,0.060032791443594136,0.34553887089787516,0.14757782058831873,-0.5628254398027731,-1.16
2017-10-20,1.3565000295639038,0.2050921567240701,1.6071893594660622,0.3212551991908957,0.012038516381700747,1.16,0.0,0.02212185512509639,0.22904100289669788,0.4689741346642457,-0.025251237776828663,0.31721334983607613,-1.16
2017-10-23,1.3629900217056274,0.20530668074069355,1.602009915149253,0.3217634565785516,0.01195102117777845,1.16,0.0,0.47729569442347286,0.1045441734130253,-0.3227876096638657,0.15808483593551903,-0.7294479242808101,-1.16
2017-10-24,1.3611299991607666,0.20504195517674645,1.6005762697328976,0.3217040927302337,0.012009264541556439,1.16,0.0,-0.13655953626628914,-0.12902472556300432,-0.08953048750957077,-0.01845123302646248,0.48616681102485154,-1.16
2017-10-25,1.3626999855041504,0.20534960117343903,1.6024035999906232,0.322037087934223,0.011959173606121944,1.16,0.0,0.11527786433702164,0.1499280623884864,0.11410190074888021,0.10345624722859002,-0.41797473870513746,-1.16
2017-10-26,1.35889995098114,0.20472760669928336,1.606321691695541,0.321002500148121,0.011966571857989175,1.16,0.0,-0.27925022641854685,-0.303355045929274,0.24421496364253273,-0.3217807108543224,0.061843440691319085,-1.16
2017-10-27,1.3674999475479126,0.20591467708680072,1.5913930866672104,0.3225235899452132,0.011982579833914733,1.16,0.0,0.6308704085951946,0.5781546328755435,-0.9337113858691981,0.4727368954532785,0.1336830507861234,-1.16
2017-10-30,1.3654999732971191,0.2050608183997992,1.5846030463645204,0.32281323100235115,0.0120055565140269,1.16,0.0,-0.1463574581574731,-0.41552838306226725,-0.42758557400161545,0.08976431134401727,0.19156708804332845,-1.16
2017-10-31,1.360100030899048,0.2047603387823883,1.5848842098281466,0.32160505965340663,0.012036709303437294,1.07,0.0,-0.39623932014473134,-0.14663941379730117,0.017741889563631198,-0.37496538569046034,0.25915034033651474,-1.16
2017-11-01,1.361799955368042,0.20522016622113337,1.5867355346868521,0.32201464315127004,0.011982401558155286,1.16,0.0,0.124907211770192,0.22431682772552797,0.1167431923181118,0.12727502013027645,-0.4522052305736782,-1.07
2017-11-02,1.3604899644851685,0.2061535829802792,1.5820754650589492,0.3214768442708611,0.011918231475516423,1.16,0.0,-0.09624184216638897,0.4538055055052209,-0.29412123270799123,-0.16715030925348956,-0.5369752068044978,-1.16
2017-11-03,1.3586000204086304,0.20559616732055197,1.5843731633961369,0.3209165038819962,0.01191587175683312,1.16,0.0,-0.13901300739523137,-0.2707547484100595,0.14512780784286253,-0.1744540265208888,-0.019801195522309283,-1.16
2017-11-06,1.3644200563430786,0.20554685959487518,1.5847658942876564,0.32278684173181105,0.011949938162935528,1.16,0.0,0.4274698410502008,-0.023985680254931547,0.024784705649164365,0.581119587461643,0.2854831187700717,-1.16
2017-11-07,1.3617000579833984,0.20527625501223523,1.5812944767521915,0.32218148513478645,0.011968779508151485,1.16,0.0,-0.19955094773594384,-0.13173777820878588,-0.2192894967087462,-0.1877167450148628,0.15754480965180367,-1.16
2017-11-08,1.3624000549316406,0.20518690927684463,1.5805288886281232,0.3224386689863195,0.011975985055746534,1.16,0.0,0.05139289560838694,-0.04353410711356893,-0.04842700243238547,0.07979392624781728,0.06018474554903224,-1.16
2017-11-09,1.361600041389465,0.20547491697300999,1.5790328463845353,0.3238050097726104,0.011951512969240534,1.16,0.0,-0.05873814514599804,0.14026516465630381,-0.09469935901637165,0.4228568470803787,-0.2045520598380904,-1.16
2017-11-10,1.3587499856948853,0.20493039175757746,1.5825180095717428,0.3242453301987969,0.011984564372170983,1.16,0.0,-0.20953603095016995,-0.2653598885665278,0.2204718353563707,0.1358908303219409,0.2761640803963253,-1.16
2017-11-13,1.3608100414276123,0.20496288285927922,1.586857981238069,0.3248531867496417,0.011969900227171896,1.16,0.0,0.15149922091823353,0.01585344468028625,0.2738693289500607,0.18729259508761031,-0.12243351772747411,-1.16
2017-11-14,1.3619600534439087,0.2051577259637931,1.5887177596858066,0.32514326288768347,0.011990668349004653,1.16,0.0,0.08447368265488947,0.09501747290011955,0.1171301717919665,0.08925468976354771,0.1733525393406549,-1.16
2017-11-15,1.3587199449539185,0.2047621807402229,1.6023207090106553,0.3254418881151627,0.011981446004787327,1.16,0.0,-0.23818383813613525,-0.1929866492770101,0.8525771065855777,0.09180204866077658,-0.07694227164275662,-1.16
2017-11-16,1.3587199449539185,0.2047621807402229,1.6023207090106553,0.3254418881151627,0.011981446004787327,1.16,0.0,0.0,0.0,0.0,0.0,0.0,-1.16
2017-11-17,1.3554999828338623,0.2045204238431103,1.5964337912088242,0.32639056650047205,0.011992603463724062,1.16,0.0,-0.2372662286988823,-0.1181369168991173,-0.3680760400808762,0.2910806445494838,0.09307947542978404,-1.16
2017-11-20,1.357300043106079,0.20374067972288631,1.5923650095133723,0.32800870936498727,0.012114639842778828,1.16,0.0,0.1327086787958727,-0.38198352060779195,-0.25519226253014987,0.49454399543294125,1.0124543894167466,-1.16
2017-11-21,1.3568400144577026,0.20454360355327242,1.5930961639973586,0.32803229599571154,0.01205533477525685,1.16,0.0,-0.0338986672039823,0.3933165680695459,0.04590572334744654,0.007190596484586348,-0.49073437167099204,-1.16
2017-11-22,1.353710055351257,0.20420413610848165,1.5888802807310751,0.3294499847862379,0.012050008582482835,1.16,0.0,-0.23094651764438529,-0.1661012355052198,-0.264985351489004,0.4312484242052089,-0.04419097277849011,-1.16
2017-11-23,1.347000002861023,0.20375440834006656,1.5914460838264688,0.32808047290464637,0.012101012101218792,1.16,0.0,-0.49691126797718493,-0.22047727972021003,0.16135473897695354,-0.41656286668980813,0.42237216578460324,-1.16
2017-11-24,1.3449000120162964,0.20428964027054258,1.5942390355214968,0.327130779136773,0.012088554466159073,1.16,0.0,-0.15602297701431045,0.2623404209742155,0.1753439091424378,-0.2898895371483449,-0.10300007754483267,-1.16
2017-11-27,1.3467999696731567,0.20402350307576286,1.6062590040433662,0.32795188063128705,0.012060427491304366,1.16,0.0,0.14117160049983965,-0.1303593757904071,0.7511346601333412,0.2506865087266067,-0.2329455347076633,-1.16
2017-11-28,1.3464800119400024,0.20415750179646278,1.6029714809178726,0.32848988032655263,0.012111900999528248,1.16,0.0,-0.023759708373717724,0.06565652194203328,-0.2048792874716709,0.16391395176861137,0.4258885199746546,-1.16
2017-11-29,1.3458000421524048,0.20361910064241065,1.5945119502958534,0.3291832710563022,0.012053955382242921,1.16,0.0,-0.0505125609813135,-0.2640668756833016,-0.5291380263253331,0.21086188031506636,-0.4795669346435127,-1.16
2017-11-30,1.3466999530792236,0.20378916067340086,1.5961077887899364,0.32950819385233565,0.012023892129507205,1.07,0.0,0.06684575390319877,0.08348384508353573,0.10003314450847149,0.09865706167394936,-0.24971724190535355,-1.16
2017-12-01,1.34853994846344,0.20395032184939055,1.6045259793394848,0.3299180225076466,0.01198105788575023,1.16,0.0,0.1365366896661341,0.0790510565153546,0.5260339402233469,0.12429857894916815,-0.3568788036803798,-1.07
2017-12-04,1.3487999439239502,0.20329784928809705,1.5996583893432612,0.33223308900685905,0.011950665959815619,1.16,0.0,0.019277916146148738,-0.32043022697718004,-0.3038273195658754,0.6992590942261361,-0.25398874288368645,-1.16
2017-12-05,1.34660005569458,0.2034477166689996,1.5981107579065679,0.3316095426142085,0.011969884613368351,1.16,0.0,-0.16323282022314783,0.0736909755029982,-0.09679445177322168,-0.18785975661405968,0.1606874192064916,-1.16
2017-12-06,1.34660005569458,0.20351228539606894,1.5934209547083356,0.3306162707657726,0.011973610159392778,1.16,0.0,0.0,0.03173222296220425,-0.29389064537555015,-0.2999800289332909,0.031119484351386655,-1.16
2017-12-07,1.348399996757507,0.2038582509540131,1.5916897922387532,0.3300048967418811,0.012008086065312578,1.16,0.0,0.1335763484620531,0.16985305035557174,-0.10870345037200908,-0.18509070810977818,0.2875186921469237,-1.16
2017-12-08,1.351330041885376,0.20419009302719687,1.5908106400427187,0.33132203823395584,0.011940392880157365,1.16,0.0,0.21706216816958468,0.16264844655517116,-0.05524914997528894,0.3983334608041391,-0.5653249677729935,-1.16
2017-12-11,1.3522000312805176,0.20431229155981007,1.5915351464562375,0.33186894181592036,0.011909144905481058,1.16,0.0,0.06435951527277649,0.059827575489752545,0.04553285372757525,0.1649309844046263,-0.2620427518376292,-1.16
2017-12-12,1.3510199785232544,0.20417101556928757,1.5911761692780146,0.331375995033502,0.011899066123210622,1.17,0.0,-0.08730719866987639,-0.06917100096371487,-0.02255794787107557,-0.1486470067989125,-0.08466644436545895,-1.16
2017-12-13,1.3524099588394165,0.20427919289742819,1.5880812681009076,0.3310591910238686,0.011910784100125178,1.17,0.0,0.10283088305227195,0.052969653792599644,-0.19469339716470294,-0.09564831109638441,0.0984296646195633,-1.17
2017-12-14,1.3472000360488892,0.2035445072987705,1.5945271037478932,0.33003432363297136,0.011945169120548927,1.41,0.0,-0.38597643870150716,-0.36029607551998394,0.4050667696067014,-0.3100524174570475,0.28827223056277346,-1.17
2017-12-15,1.3461699485778809,0.20369971251668292,1.585109350153857,0.33010542567713097,0.01197702679797928,1.41,0.0,-0.076490606720327,0.07622218701940689,-0.5923810014658556,0.021541512841440843,0.26634424675601703,-1.41
2017-12-18,1.3488999605178833,0.2039184171564203,1.584089704901345,0.3306127416033416,0.011967244398436919,1.42,0.0,0.20259310265333888,0.1073086032260414,-0.06434719119759874,0.15356503000233562,-0.0817097334588412,-1.41
2017-12-19,1.3480099439620972,0.20380543686053107,1.5885290388495719,0.3305161240765774,0.011975072262635843,1.42,0.0,-0.06600269342464676,-0.0554200092380465,0.27985315627944096,-0.029228046896016543,0.06538936552091978,-1.42
2017-12-20,1.347190022468567,0.20396518070828762,1.5952515916520724,0.330882986744594,0.011923829267154608,1.42,0.0,-0.06084309357645709,0.07834986094917375,0.4223006276754684,0.11093534891055956,-0.4288320444009758,-1.42
2017-12-21,1.3430999517440796,0.20412784065317785,1.5953578858222244,0.32955464310455795,0.01186054506403272,1.42,0.0,-0.304061934949386,0.07971709634313968,0.006662938284479855,-0.4022621883473029,-0.5321506597824391,-1.42
2017-12-22,1.344099998474121,0.2041030122909348,1.5937439911273261,0.32975955054707584,0.011860787498034129,1.42,0.0,0.0744303955593695,-0.0121638833001425,-0.10121312488242681,0.062157754554113355,0.0020440167160329704,-1.42
2017-12-25,1.3429800271987915,0.20414374510195615,1.5922461424717937,0.32905694239561933,0.01185247328621084,1.42,0.0,-0.08335973097067756,0.019954995560349,-0.09402720680717774,-0.21329411918358765,-0.07012289233121971,-1.42
2017-12-26,1.343400001525879,0.20545054907230492,1.594956640672308,0.3290630760079018,0.01185670268996706,1.42,0.0,0.0312669336444021,0.6380989301023796,0.17008637594638626,0.0018639798550902438,0.035677358043400755,-1.42
2017-12-27,1.3434799909591677,0.20532775222045097,1.593084420932499,0.32936503854268095,0.011867882972977565,1.42,0.0,0.005954075621990567,-0.05978741093448993,-0.11745268764485323,0.09172225464741879,0.09425061408431981,-1.42
2017-12-28,1.3398000001907349,0.2044029507204972,1.59446844815065,0.3297807044260871,0.011833911570200206,1.42,0.0,-0.27429065082898285,-0.45141995158386156,0.08683948859645296,0.12612261944791173,-0.2866569953428681,-1.42
2017-12-29,1.3378000259399414,0.20481965004783995,1.5975638440909279,0.32959670493754206,0.01185204895627855,1.33,0.0,-0.14938561422208224,0.20365418262929708,0.19394521277698576,-0.05581006892503283,0.15314886304153064,-1.42
2018-01-01,1.337000012397766,0.20551208778547228,1.6050613579572965,0.3293996038594335,0.011866934195338122,1.33,0.0,-0.05981856995397711,0.3375017484975502,0.4682113635023236,-0.05981856995396599,0.12551331495584153,-1.33
2018-01-02,1.336899995803833,0.2054935662015981,1.6058280282520343,0.3328105376614682,0.011855103623309644,1.42,0.0,-0.007480952441962141,-0.009012812211737317,0.0477543893352584,1.030175696171983,-0.09974331125973662,-1.33
2018-01-03,1.3290599584579468,0.20465968078931457,1.6033054189864089,0.330792972935829,0.011840810372330266,1.42,0.0,-0.5881603686041029,-0.40662194795038287,-0.15721438990810996,-0.6080651804651995,-0.12063896514405391,-1.42
2018-01-04,1.3304400444030762,0.20458551477054276,1.597915080829182,0.33251856323178103,0.011814896211793999,1.42,0.0,0.10378537826837587,-0.03624527319486108,-0.3367680078255247,0.520296751867012,-0.2190944566402076,-1.42
2018-01-05,1.326799988746643,0.20433369730295062,1.601293712815064,0.332115150626835,0.011764184518003587,1.42,0.0,-0.2739728355670368,-0.12316246925503326,0.21121680139614668,-0.12139397869082458,-0.43014206161319574,-1.42
2018-01-08,1.3265299797058103,0.20447475001238488,1.59680526360205,0.33208912396435336,0.01172322664312909,1.42,0.0,-0.020352466144444484,0.06900675167450453,-0.28069501245214207,-0.00783694519610507,-0.3487648435162254,-1.42
2018-01-09,1.3315999507904053,0.20493719753230022,1.59398597372288,0.33235992215884363,0.011769384789236295,1.42,0.0,0.38146948157558846,0.22590826641088763,-0.17671420053194217,0.08151060222403507,0.3929593407423629,-1.42
2018-01-10,1.3360999822616575,0.20462829792778048,1.5938778704752392,0.3340249955654144,0.011849585515564864,1.42,0.0,0.33737195730081687,-0.15084262054055533,-0.006782174707935616,0.4997342609350333,0.6791238867541891,-1.42
2018-01-11,1.333299994468689,0.20489612164565396,1.5941127490786895,0.3353370147895671,0.011963856210723104,1.42,0.0,-0.20978413458137493,0.13079745346326632,0.014735212985557666,0.3920213230277708,0.959723282030479,-1.42
2018-01-12,1.3292900323867798,0.20481495541526315,1.6007442485344114,0.3350447490793918,0.011943950686432319,1.42,0.0,-0.3012078519938035,-0.03962120430567125,0.4151365137481612,-0.087193818341795,-0.16651907032723545,-1.42
2018-01-15,1.3251099586486816,0.20524610969883747,1.6156134149400714,0.33602382263181463,0.01192718250988405,1.42,0.0,-0.3149545816468105,0.21028792008736907,0.9246031623704262,0.2917955894184946,-0.1404891771860403,-1.42
2018-01-16,1.3221700191497805,0.20545903392314813,1.6220955049324177,0.333965643395914,0.011956574853045106,1.42,0.0,-0.22211029677179475,0.10368715692681688,0.4004126876994828,-0.6143934538055726,0.24612842571172908,-1.42
2018-01-17,1.3202099800109863,0.2049283659901993,1.6200684016591254,0.3336391140469273,0.011959723649049514,1.42,0.0,-0.14835409735944383,-0.2586181880021903,-0.1250463329946137,-0.09782116480876032,0.026331800653238396,-1.42
2018-01-18,1.3253999948501587,0.20606023415514063,1.6148645117479816,0.33543391452325966,0.011900229864487414,1.42,0.0,0.39234970735195307,0.5508040982837854,-0.32173120984404036,0.5365048970084804,-0.4986925714363033,-1.42
2018-01-19,1.3206499814987185,0.20568949854637672,1.616027490685923,0.33553098196650627,0.011894961269275172,1.42,0.0,-0.3590271156040656,-0.18007817832306697,0.0719912016429915,0.028933687717982118,-0.04428285756328311,-1.42
2018-01-22,1.3200299739837646,0.20615805078081245,1.6177631226022129,0.33567196755203377,0.011926113950968919,1.42,0.0,-0.046958172652438505,0.22753683364350272,0.10734350429595796,0.04200982361657204,0.2615557792056652,-1.42
2018-01-23,1.319000005722046,0.20595216290670837,1.6165999040401005,0.3360937723450972,0.01188652348552061,1.42,0.0,-0.07805658305774636,-0.09991884908229474,-0.07192876017208058,0.12558093497361736,-0.3325167321960351,-1.42
2018-01-24,1.3164000511169434,0.2055943410172362,1.620523701222453,0.33667519749869035,0.011955643366157507,1.42,0.0,-0.19731011554407452,-0.17389139561447745,0.24242504040623297,0.17284545643699553,0.5798136948574159,-1.42
2018-01-25,1.308940052986145,0.20550768151562543,1.6219224162841073,0.3370950522034163,0.011972816128836182,1.42,0.0,-0.5683087076900507,-0.04215960912108654,0.08627530560108132,0.12462846474911994,0.14353423487671746,-1.42
2018-01-26,1.3107999563217163,0.20731320352766577,1.6243881471091015,0.33853304840506776,0.011948515349301901,1.42,0.0,0.14199146796638343,0.8747297386990858,0.15190976038897067,0.4256774908402719,-0.20317253590813739,-1.42
2018-01-29,1.306589961051941,0.2068731285014981,1.6238395013237008,0.33683680804292393,0.012026896066661184,1.42,0.0,-0.3216944386089026,-0.21250106907896976,-0.0337812401100012,-0.5023155571984051,0.6538448516195381,-1.42
2018-01-30,1.3100600242614746,0.2067547378934548,1.622003812220214,0.336042076644495,0.012027064191877525,1.42,0.0,0.26522960757001857,-0.05724498801698153,-0.11311016101982731,-0.23621837036612317,0.0013979005081694905,-1.42
2018-01-31,1.3116799592971802,0.20750817271294542,1.6277378302726504,0.33645760442440303,0.012063421366794929,1.34,0.0,0.12357710924949285,0.36374757717347833,0.35289106851056345,0.12357710924949285,0.3018386859160924,-1.42
2018-02-01,1.3114099502563477,0.20855093202852348,1.6285952631776581,0.33638834469804413,0.012009139050944119,1.42,0.0,-0.020587097743215144,0.5012564258493882,0.05266248262799883,-0.020587097743204042,-0.4509898981550264,-1.34
2018-02-02,1.308359980583191,0.2077289464172937,1.6367594886299344,0.3367721966010041,0.011958759133415242,1.42,0.0,-0.23284266417608473,-0.39492020734665084,0.5000524038080835,0.11404469543713049,-0.42039557527643157,-1.42
2018-02-05,1.3208199739456177,0.209401352253206,1.6440173192309828,0.3388890214286151,0.012003634570700186,1.42,0.0,0.9478306437616679,0.8018668518723864,0.44244658298812434,0.6265956065123492,0.374549306727215,-1.42
2018-02-06,1.3222899436950684,0.21023100261044783,1.6353841837004668,0.3379654890545608,0.012120536494793452,1.42,0.0,0.11123032691118084,0.3954182410529484,-0.5265079903207868,-0.2728896484753272,0.9691760087950865,-1.42
2018-02-07,1.3187799453735352,0.2099132494094847,1.6328203498577525,0.33758605177195383,0.012029700334678123,1.42,0.0,-0.2658014013626579,-0.1512591258924143,-0.15689558853011,-0.1123340854329412,-0.752262506771088,-1.42
2018-02-08,1.3248000144958496,0.21137277457355425,1.625282299277842,0.3376577020229028,0.012132312766610647,1.42,0.0,0.4554490214088716,0.6928931511156597,-0.46272722758320195,0.021222040430654232,0.8493749954174106,-1.42
2018-02-09,1.33132004737854,0.21044212526021855,1.6322998849930457,0.33667654756530024,0.012266952202769847,1.42,0.0,0.4909451249697378,-0.441260289175657,0.43084693946642055,-0.29099964908384973,1.1036463840637831,-1.42
2018-02-12,1.3275400400161743,0.21115971795850988,1.6266081636574228,0.33723866774377476,0.012201654437313237,1.42,0.0,-0.28433311906244746,0.34041283395414673,-0.349302713536182,0.166822263711661,-0.5337281474679719,-1.42
2018-02-13,1.322710037231445,0.20907453568202672,1.6274300608934025,0.33601168877875537,0.012169564886563561,1.42,0.0,-0.36449451873700334,-0.9923985832860832,0.05051552543276309,-0.3644945187370145,-0.2633398753484342,-1.42
2018-02-14,1.322890043258667,0.20865773050789022,1.6342669260172045,0.3391590881181729,0.012275806800118062,1.42,0.0,0.01360795449222261,-0.19955619720605583,0.419221967229146,0.9323336394147508,0.8692245210434985,-1.42
2018-02-15,1.31358003616333,0.20699338101053558,1.6376761540493021,0.3376118115608377,0.012324017572366942,1.42,0.0,-0.7062508211876534,-0.800843951329254,0.2083917221324492,-0.457253482367315,0.3919607981099272,-1.42
2018-02-16,1.308359980583191,0.20613183730230605,1.6359203772188948,0.33620968312109184,0.012330106961866545,1.42,0.0,-0.3981832111939346,-0.41708659699238393,-0.10726899188680439,-0.4161726731921047,0.04939854680280917,-1.42
2018-02-19,1.3118900060653689,0.20691945632695416,1.6283015719880611,0.3374202680565587,0.012345921706679329,1.42,0.0,0.269442048339017,0.38136666868914526,-0.4668076610266375,0.3594217378800126,0.12817902905281275,-1.42
2018-02-20,1.3142999410629272,0.20702852955933648,1.6295533279432277,0.3368272572441182,0.01231667380983261,1.42,0.0,0.18353094959139463,0.05269900500812733,0.07684541240876998,-0.1759030454233525,-0.23718436722245584,-1.42
2018-02-21,1.319100022315979,0.20785667399957894,1.6271526542803372,0.3381874124649913,0.012284296689393591,1.42,0.0,0.3645543127429348,0.39921671489396154,-0.1474295874927683,0.4030007413945303,-0.2632183891564977,-1.42
2018-02-22,1.3242199420928955,0.20865028999341462,1.6263861987515895,0.3382426449542346,0.012312025831765733,1.42,0.0,0.38738603337097727,0.381082201679839,-0.04711519225976724,0.016330584000610143,0.2254739837295517,-1.42
2018-02-23,1.319200038909912,0.20774148881889656,1.6261325839927279,0.33687438104623385,0.01235044097190601,1.42,0.0,-0.3798041365692444,-0.43651323768371836,-0.01559497585201779,-0.40534180851875745,0.3115274032732121,-1.42
2018-02-26,1.320520043373108,0.20870197847514302,1.6225395613687965,0.3385948746364575,0.012332779892739293,1.42,0.0,0.10001095056099295,0.46128295185459134,-0.22119955035128028,0.5094228335284248,-0.1431019256153894,-1.42
2018-02-27,1.316100001335144,0.20843826442173607,1.6208526552907754,0.3356456184481784,0.012292073320327541,1.42,0.0,-0.3352812391332527,-0.12643905402580896,-0.1040211061409496,-0.874843628838187,-0.3306140275301978,-1.42
2018-02-28,1.3243299722671509,0.2096553542365563,1.619698089442707,0.33827074972443316,0.012327834429444153,1.35,0.0,0.6233831357851782,0.5822108726239167,-0.07125738726963782,0.779071314472173,0.2905058347915639,-1.42
2018-03-01,1.3248000144958496,0.20925934294705223,1.6150976502711385,0.3380454311814398,0.012423105983480042,1.42,0.0,0.03548653603108934,-0.18906541600509194,-0.28443479238405894,-0.06663112836596187,0.769845694573309,-1.35
2018-03-02,1.3221900463104248,0.2079765405176579,1.6224386197576166,0.33662357209406335,0.012454339282286587,1.42,0.0,-0.19720278288115986,-0.6149070692340606,0.4534918811762889,-0.42149889369475235,0.25109744898121417,-1.42
2018-03-05,1.3196099996566772,0.20780278630954777,1.6251554412487934,0.33805814591399974,0.012501515808753695,1.42,0.0,-0.1953249624600179,-0.08358001805953051,0.1673129137399194,0.4252600726005142,0.37808027408352407,-1.42
2018-03-06,1.318179965019226,0.2076233675073273,1.626178172990862,0.3387070224129886,0.012406399670769187,1.42,0.0,-0.10842673576755926,-0.08637819825625127,0.06291152475534541,0.19175830204921257,-0.763745969928449,-1.42
2018-03-07,1.3180999755859375,0.20891050789799792,1.636639085067145,0.3378011256632124,0.01248945813856282,1.42,0.0,-0.006068356556612542,0.6180263184338369,0.641221808758491,-0.26781563350445986,0.6672497617220736,-1.42
2018-03-08,1.313599944114685,0.20768379189363237,1.6307883184911276,0.33634616974182174,0.012370745494812442,1.42,0.0,-0.3419870041726378,-0.5889276692226879,-0.35812718121289927,-0.4316440013411171,-0.9550488630976856,-1.42
2018-03-09,1.3169000148773191,0.20766053158140135,1.6206605175002549,0.336803065465289,0.012376182139948904,1.42,0.0,0.2509083858871115,-0.011200496041803717,-0.6229735884759822,0.13574873734783546,0.04393794093687247,-1.42
2018-03-12,1.3162399530410769,0.20798609400093104,1.6201271860997226,0.3373244412530381,0.012313852123387906,1.42,0.0,-0.050134961157390946,0.15665349653780172,-0.03291368976465568,0.15468168455036263,-0.504901275621013,-1.42
2018-03-13,1.312000036239624,0.20729645745506792,1.6189535740761016,0.3365397070139279,0.012347073309461977,1.42,0.0,-0.3226433276129451,-0.3321291382901377,-0.07246574950575072,-0.23290587453329437,0.26942384023954147,-1.42
2018-03-14,1.311579942703247,0.2075153302491769,1.6253547329156959,0.33595797335171634,0.01231437922848907,1.42,0.0,-0.032024450814456436,0.10552873419162574,0.39460905316368616,-0.17300693349487367,-0.265143345276564,-1.42
2018-03-15,1.3086999654769895,0.20720392157040382,1.619597893691292,0.3341077219802023,0.012328199147718532,1.43,0.0,-0.21982219357408983,-0.15017809563198736,-0.3548184473879489,-0.5522610952942253,0.11216294388784184,-1.42
2018-03-16,1.314370036125183,0.20794033187365493,1.6178854053566738,0.3364571872809169,0.012363676259943838,1.43,0.0,0.43232391633086936,0.3547735851043078,-0.10579134075144514,0.7007449636385635,0.2873587854489397,-1.43
2018-03-19,1.3179099559783936,0.20793126388928698,1.6184973328131491,0.33671689944254884,0.01243674974723838,1.43,0.0,0.26896242024664757,-0.004360953939518496,0.03781551894652552,0.07716047888341566,0.589293899549915,-1.43
2018-03-20,1.3157999515533447,0.20781475649645045,1.6232820576942688,0.33609194492317623,0.012413675273380154,1.44,0.0,-0.16023062148550088,-0.05604738959536122,0.29519148462467554,-0.18577481682784486,-0.18570692831614605,-1.43
2018-03-21,1.3183000087738037,0.208166874406203,1.615167887875316,0.3363010161010389,0.012382007784964715,1.44,0.0,0.1898225586583288,0.1692949725151453,-0.5011154679155582,0.062187202043872555,-0.25542757227809754,-1.44
2018-03-22,1.3123600482940674,0.20763219338075553,1.6204577323279918,0.3355304034743658,0.0123890534009357,1.68,0.0,-0.45159545100933746,-0.2571825487749699,0.32697535416847423,-0.22940664642369224,0.05688586458292845,-1.44
2018-03-23,1.3158299922943115,0.207717803518585,1.6217585267235393,0.33609961816487727,0.012535534288737485,1.68,0.0,0.26405594442210917,0.04122313214441177,0.0802410673076085,0.1695024964509159,1.1754061979298978,-1.68
2018-03-26,1.3150399923324585,0.20807594250219236,1.6246494233008235,0.33807392875907355,0.012541031077819039,1.68,0.0,-0.06005617839069853,0.17226765703093763,0.17809821722487326,0.585699705117575,0.0438400481823872,-1.68
2018-03-27,1.3080999851226809,0.208548562829021,1.62956408815748,0.3376177501322856,0.012399051991684179,1.68,0.0,-0.529138624858353,0.22688081162529897,0.302049547510385,-0.13502569599345032,-1.1385737531373563,-1.68
2018-03-28,1.309399962425232,0.20844344065750062,1.6246866455917228,0.33970682154235077,0.012412198054801926,1.68,0.0,0.09932969898645819,-0.05041927560642958,-0.29975847695862934,0.6168617297651873,0.10596857734533191,-1.68
2018-03-29,1.3122999668121338,0.2084471662514779,1.6154763876893696,0.33953427259355307,0.012286072822391787,1.68,0.0,0.22123093015754888,0.0017873244998415005,-0.5685073629986794,-0.05080639378241917,-1.021337318797699,-1.68
2018-03-30,1.3108999729156494,0.20844662724274932,1.6127801679228924,0.3396114011767625,0.012311347953611294,1.67,0.0,-0.10673940695125882,-0.00025858323487363573,-0.16703879304170766,0.022713413784360266,0.20551049108259653,-1.68
2018-04-02,1.311229944229126,0.20872146278845377,1.6146759247186253,0.33974089067425356,0.012333790991527089,1.68,0.0,0.025168189650781766,0.13176251589451005,0.11747685851280729,0.03812145792765404,0.18212958076320035,-1.67
2018-04-03,1.3125,0.20901678930956494,1.6134187281131744,0.33899836856591753,0.012405598874531118,1.69,0.0,0.09681300263900515,0.14139311821666473,-0.07789094213267539,-0.21879459437143678,0.5805162136383274,-1.68
2018-04-04,1.3112000226974487,0.2085109068421247,1.6099603346089282,0.33866260461564124,0.012319140699956611,1.69,0.0,-0.09909497257192298,-0.2423229499023768,-0.21458195043011521,-0.09909497257192298,-0.699368555245299,-1.69
2018-04-05,1.3119399547576904,0.20810569443786814,1.6119573742926718,0.3387224969465161,0.012287072969633188,1.69,0.0,0.056415752588589246,-0.19452538894946064,0.12396591843253832,0.01768339188235644,-0.2606475657648444,-1.69
2018-04-06,1.3163199424743652,0.2088601039366378,1.6127023873694952,0.34066250376154045,0.012296079647821477,1.69,0.0,0.33329974528119044,0.36185717145185675,0.04620723705096096,0.5711083070759804,0.07327521194241306,-1.69
2018-04-09,1.316230058670044,0.2086405968574824,1.6152044505800518,0.34046303158293845,0.012304895203526834,1.69,0.0,-0.006828649356489879,-0.10515292499574908,0.15502700897368535,-0.05857134227207953,0.07166834758343947,-1.69
2018-04-10,1.3113000392913818,0.20796461147382717,1.615836779051591,0.3391878066840952,0.012283956126461168,1.69,0.0,-0.37525927241281526,-0.3245211357863803,0.03914084870308301,-0.37525927241281526,-0.1703136258470085,-1.69
2018-04-11,1.30840003490448,0.2082908869113453,1.6175852464188267,0.3387882026881417,0.01221513772911671,1.69,0.0,-0.22139981596117694,0.1567669403069784,0.10814966458972011,-0.11788146975814004,-0.5618050917045937,-1.69
2018-04-12,1.3083000183105469,0.20870689165323503,1.6185821786079941,0.3378874032540565,0.012246674490624427,1.69,0.0,-0.007644482894312885,0.19952378707167273,0.06161190629347531,-0.2662427781602198,0.2578449928144876,-1.69
2018-04-13,1.311390042304993,0.20845494601264913,1.6169041105707012,0.3385280677897045,0.01223060603991717,1.69,0.0,0.23590771091305343,-0.12079037364905057,-0.10372896299192878,0.1894293536003005,-0.13129279615367148,-1.69
2018-04-16,1.3114999532699585,0.2090339633528278,1.6174186028316768,0.3383642873566428,0.012200226421574258,1.69,0.0,0.00838090542991129,0.27738112243826635,0.031814528784235525,-0.04839187058699467,-0.24869913089761667,-1.69
2018-04-17,1.3098000288009644,0.20870978688174702,1.6222040414362766,0.3373165242192881,0.012235861759681409,1.69,0.0,-0.129700890316014,-0.15520353612575377,0.29543206790948795,-0.31013577986021706,0.29166176766339924,-1.69
2018-04-18,1.3107999563217163,0.20870949285192203,1.6218756501015292,0.33713990546899597,0.012248635442607334,1.69,0.0,0.07631287300279746,-0.00014087984875731747,-0.020245577611773976,-0.05237365871386066,0.10434099568627332,-1.69
2018-04-19,1.3095500469207764,0.20874646641947914,1.6211113852671701,0.3372521456751679,0.01219933708503627,1.69,0.0,-0.09540019418707613,0.017713757263551365,-0.047133389074501965,0.03328633752957959,-0.4032925375141866,-1.69
2018-04-20,1.3115999698638916,0.20891670521254158,1.619239181602609,0.33738905563367916,0.012208652724988207,1.7,0.0,0.1564140432956908,0.08151966180061106,-0.11555563722234502,0.0405874886161975,0.07633271299087505,-1.69
2018-04-23,1.3167999982833862,0.20916528310289928,1.6161616014392735,0.3383350492896112,0.012207399327416013,1.7,0.0,0.3956806625287122,0.11891347945933042,-0.19024419525930575,0.2799942364237941,-0.010266996241690016,-1.7
2018-04-24,1.3252999782562256,0.20982884263430385,1.6180545556316872,0.3401257386447839,0.012185433739290642,1.7,0.0,0.6434282860771688,0.3167395652598182,0.11705800210218124,0.5278694200425923,-0.18009875279775978,-1.7
2018-04-25,1.321499943733215,0.20956563272930223,1.6177010045893068,0.33858567879563367,0.012145804129323924,1.7,0.0,-0.2871420013577032,-0.1255190304215356,-0.021852765897017984,-0.4538195329357581,-0.32575116173249635,-1.7
2018-04-26,1.3272000551223757,0.20984395790756794,1.615423977615592,0.3394807762170036,0.012135621176809221,1.7,0.0,0.430408894269187,0.1327223913499157,-0.14085612914591492,0.2640148129091908,-0.0838744265074098,-1.7
2018-04-27,1.3279800415039062,0.20961265580620395,1.6081329679427654,0.3391164655309191,0.012149862803526694,1.7,0.0,0.05875205263537375,-0.11028655515083594,-0.4523588215664645,-0.10737170700732884,0.11728511041036356,-1.7
2018-04-30,1.323199987411499,0.20880542996912185,1.6040925550440477,0.3378526634699767,0.012128544910020096,1.69,0.0,-0.3605986179673226,-0.3858470109245951,-0.2515648419211169,-0.37337109625276177,-0.17561200253941145,-1.7
2018-05-01,1.3257700204849243,0.2093728839367151,1.601693845103256,0.33824977227209346,0.01212709168400657,1.7,0.0,0.19404023995337433,0.27139346877596443,-0.149648796834121,0.11747002430060532,-0.011982584003770171,-1.69
2018-05-02,1.333799958229065,0.21063435387109863,1.599433965947128,0.3403419210867945,0.012139580040625942,1.7,0.0,0.6038541725684115,0.600691423367988,-0.14119270862953365,0.6166168740590758,0.10292600372704286,-1.7
2018-05-03,1.3364399671554563,0.21008252959741042,1.5971796563394063,0.3399313191961191,0.012168591738105184,1.7,0.0,0.19773577358982378,-0.26232585941707787,-0.14104363228127983,-0.1207167697401327,0.23869924499793693,-1.7
2018-05-04,1.3305000066757202,0.20943849981587648,1.5951706965136339,0.3375190350809178,0.012195680854364066,1.7,0.0,-0.4454521181667336,-0.3070312295733163,-0.12586087796884612,-0.7121685878718589,0.2223676271757903,-1.7
2018-05-07,1.333840012550354,0.2096672273752512,1.5946059156349008,0.33871001138270124,0.012220694913702203,1.7,0.0,0.25071932261972746,0.10915030134094782,-0.03541193966272744,0.3522408685097776,0.20489583160892216,-1.7
2018-05-08,1.3345999717712402,0.20964169687549225,1.592677434373968,0.33860205231731794,0.012250442543816862,1.7,0.0,0.056959065663663974,-0.012177417800550337,-0.12101098550029986,-0.031878678111188656,0.24312433224117275,-1.7
2018-05-09,1.340000033378601,0.21037098181203512,1.5902968683601415,0.335965900375767,0.012290871806874095,1.7,0.0,0.40380385363304494,0.34726840709890866,-0.14958125522088936,-0.7815863029724651,0.32947949774334767,-1.7
2018-05-10,1.3481999635696411,0.21193446985991793,1.5972419246851217,0.3334240092435772,0.012273434523213368,1.7,0.0,0.6100703543498023,0.7404570247525318,0.4357636261619234,-0.7594686784244302,-0.1419725544480907,-1.7
2018-05-11,1.3379700183868408,0.2107636891071528,1.5945298232252583,0.3388981848785128,0.012226050430859742,1.7,0.0,-0.7616788743372975,-0.5539573437421066,-0.16994336229514054,1.6284741626150683,-0.38681753127124197,-1.7
2018-05-14,1.3347100019454956,0.21075145430028733,1.5952646018094896,0.33816667228447517,0.012207192679931478,1.7,0.0,-0.24395124244586328,-0.005805156498049832,0.04607059260376998,-0.21608354677717145,-0.15436145408278895,-1.7
2018-05-15,1.3357800245285034,0.21074735756481214,1.5937433187360739,0.3383434751815194,0.012173223522530112,1.7,0.0,0.08013680108618543,-0.0019438894535368512,-0.09540792790212567,0.05226910541749176,-0.2786595528187383,-1.7
2018-05-16,1.3451000452041626,0.21093652497969995,1.5900279285130665,0.34023018443713765,0.012195255364447355,1.7,0.0,0.695298408019084,0.08972001796028356,-0.23339565697782497,0.556082332618147,0.18082251274290254,-1.7
2018-05-17,1.3392000198364258,0.21021897832073233,1.5825297780793335,0.3377553717090042,0.01213494147069041,1.7,0.0,-0.4395957773722823,-0.34075174021994,-0.4726889209535422,-0.7300520483030245,-0.49579555574658185,-1.7
2018-05-18,1.342229962348938,0.21083691505487012,1.5831917400669224,0.33813577035417125,0.012110927986318472,1.7,0.0,0.22599462393017686,0.29351788563032644,0.041820608252657404,0.11256211589646245,-0.19808316023735983,-1.7
2018-05-21,1.3424999713897705,0.2103308814136158,1.5796718594551749,0.3381611994244083,0.012107684024571772,1.7,0.0,0.020114428520339688,-0.24030036911745245,-0.22257564729638574,0.00752008995615023,-0.026788998185703676,-1.7
2018-05-22,1.3400399684906006,0.21000139962698036,1.5802359053351722,0.3369050864468912,0.012074825702517814,1.7,0.0,-0.18340853399361084,-0.1567720914994757,0.03570014873681539,-0.37214550733441537,-0.27175295406676203,-1.7
2018-05-23,1.3385599851608276,0.21032650779837256,1.5779694902200703,0.3376365246322568,0.012088940359515743,1.7,0.0,-0.11050425640143886,0.15469267230676906,-0.14352552923578937,0.21686978535645882,0.11682498967264532,-1.7
2018-05-24,1.3420000076293943,0.2100550928719608,1.571502171390648,0.3375251468334013,0.012214546117389717,1.7,0.0,0.2566646048808737,-0.12912789888620255,-0.4106928789696952,-0.0329929273455497,1.0336531455428144,-1.7
2018-05-25,1.3399900197982788,0.21014836288202163,1.5708223531293442,0.33693488067410887,0.012258398558195702,1.7,0.0,-0.14988782112307739,0.044392786549178345,-0.04326849544694066,-0.17503374133903815,0.3583752451647304,-1.7
2018-05-28,1.340749979019165,0.21052507644174623,1.5671938772231044,0.3369988730174882,0.012230553493174588,1.7,0.0,0.05669772089644632,0.1791002831215436,-0.2312593216223897,0.0189906925483716,-0.22740929838698504,-1.7
2018-05-29,1.342859983444214,0.2098776155504521,1.5613380966478305,0.3374020042735632,0.012276005669614697,1.7,0.0,0.15725123168889166,-0.30801962762442103,-0.3743472953164394,0.11955242576487622,0.3709392922534554,-1.7
2018-05-30,1.3463499546051023,0.20982294469042886,1.5536002750851592,0.33819391425938355,0.01242089035812137,1.7,0.0,0.25955378721337236,-0.026052317061986928,-0.49682122439550147,0.23443313577957403,1.173316278246681,-1.7
2018-05-31,1.3390400409698486,0.20863820423934817,1.5622915446686818,0.3360200944089735,0.012317316080827286,1.7,0.0,-0.5444223522478978,-0.5662382850093776,0.557868669832106,-0.6448478836877767,-0.8373677595008048,-1.7
2018-06-01,1.3385000228881836,0.20883716694754278,1.5651310002814398,0.3365602271888663,0.012308159303783112,1.7,0.0,-0.04033688207145048,0.09531710706319473,0.18158444227832954,0.16061513507430925,-0.07436833054536754,-1.7
2018-06-04,1.3382699489593506,0.20847273952498124,1.5615752471049689,0.3365870033213698,0.012210715105899113,1.7,0.0,-0.0171904147027499,-0.1746555782876986,-0.2274441170988419,0.007955505513218232,-0.7948546845509761,-1.7
2018-06-05,1.335800051689148,0.2084907192396684,1.5629608458443016,0.3364735622323834,0.01214772316897094,1.7,0.0,-0.1847294926445746,0.008624120085503326,0.0886914914049168,-0.033709028835249524,-0.517209491345703,-1.7
2018-06-06,1.3339899778366089,0.20827321376099137,1.5642654725737797,0.3360176242375485,0.012142746281643335,1.7,0.0,-0.13559674055725598,-0.10437827326293264,0.08343667341765164,-0.13559674055725598,-0.04097810795603145,-1.7
2018-06-07,1.3316999673843384,0.20847226683413458,1.569475479417875,0.3354407954124182,0.012092621724261869,1.7,0.0,-0.17181375648866534,0.09552741303689337,0.33251067808151374,-0.17181375648865424,-0.4136485886300525,-1.7
2018-06-08,1.3336000442504885,0.20863254235947906,1.5730125491427316,0.33507538639684237,0.012157456572669057,1.7,0.0,0.1425788601463445,0.07685144342628973,0.22511278874620833,-0.10899335815103359,0.5347199468471873,-1.7
2018-06-11,1.3345999717712402,0.2083456809863711,1.5726894777483265,0.3348218643590907,0.012194475316789999,1.7,0.0,0.0749514700216144,-0.13759059936576895,-0.020540495748121942,-0.07568983140893226,0.3040315060361901,-1.7
2018-06-12,1.3355000019073486,0.20894611276188424,1.5724344092415095,0.33540950369031747,0.012098454357510384,1.7,0.0,0.06741546601761107,0.28777569982484563,-0.01621993387486401,0.17535421641488672,-0.7905300894200917,-1.7
2018-06-13,1.33650004863739,0.20881182502545476,1.570154881516572,0.3352144601137735,0.012100278913378412,1.7,0.0,0.0748537992379138,-0.06428973762463056,-0.14507324462901455,-0.05816779374748527,0.015079763482325547,-1.7
2018-06-14,1.3344000577926636,0.20858801470769098,1.575628835253795,0.33497341371830947,0.012104280555036704,1.9,0.0,-0.15724970562541563,-0.10724026121152572,0.3480187930880737,-0.07193398008825608,0.03306518922579514,-1.7
2018-06-15,1.3447999954223633,0.20997735870409293,1.5554732639770918,0.33763494398659927,0.012154187141065231,1.9,0.0,0.7763503776121193,0.6638624153705457,-1.287460392225938,0.7914097793789291,0.4114576160579899,-1.9
2018-06-18,1.351699948310852,0.2101196844202337,1.5674245186805251,0.3383987432528449,0.012219640632449975,1.9,0.0,0.5117721559225383,0.06775849719277374,0.7653989263000752,0.22596494987171112,0.5370814082237255,-1.9
2018-06-19,1.351099967956543,0.2098372364002393,1.5714300718385632,0.3382146633749131,0.012267336995102802,1.91,0.0,-0.044396950033412166,-0.13451287433500625,0.25522401352779783,-0.05441212978351085,0.3895656189083054,-1.9
2018-06-20,1.3557499647140503,0.2090432494363131,1.5711190275822418,0.3389629075132401,0.01231704967919682,1.92,0.0,0.3435728944940757,-0.37909997800483497,-0.019795665715736637,0.22098913933526215,0.40442539820867673,-1.91
2018-06-21,1.358299970626831,0.2098862659832659,1.5727800369015483,0.3393628859983338,0.012308793704975028,1.92,0.0,0.1879115509210987,0.4024627789779465,0.10566557257622158,0.11793109897228816,-0.06705130380560656,-1.92
2018-06-22,1.358199954032898,0.20920811506788142,1.5762963555432918,0.33849221647231514,0.012352662171292364,1.92,0.0,-0.007363636793833441,-0.32362710545778994,0.22332389976995365,-0.25688971039908615,0.3557657975055149,-1.92
2018-06-25,1.3588000535964966,0.20890795766667306,1.5845510405417118,0.34012517960468946,0.012359806956263096,1.92,0.0,0.04417368948631775,-0.14357613703179717,0.5223095410923884,0.4812627243627496,0.057823320955309454,-1.92
2018-06-26,1.3618299961090088,0.20826272961597728,1.5937155618121892,0.33934612796621133,0.012420583385701066,1.92,0.0,0.22273838852358918,-0.3093355237425344,0.5767009390244408,-0.2293112221739759,0.49052133934634773,-1.92
2018-06-27,1.3625999689102173,0.2071355774391939,1.5874643225385228,0.33895521775504356,0.012376358732748678,1.91,0.0,0.056523590739692396,-0.5426863441362914,-0.3930143875748244,-0.1152615299708224,-0.3566947862421505,-1.92
2018-06-28,1.366569995880127,0.20699646693132662,1.5802516459984872,0.3393097316214949,0.012399129349789909,1.91,0.0,0.29093312775598507,-0.06718171896640973,-0.45538735645721407,0.10453552083464383,0.18381574059700737,-1.91
2018-06-29,1.368299961090088,0.20646105219458127,1.5821606076103194,0.3386461837746029,0.012384374131873772,1.91,0.0,0.12651171484692722,-0.25899397701829246,0.12072820939255957,-0.19574961843520106,-0.11907291211209609,-1.91
2018-07-02,1.3627400398254397,0.20571834596827396,1.5914839395352944,0.3382244321796149,0.012309096297486713,1.91,0.0,-0.40716569101837874,-0.3603804719190707,0.5875490218045767,-0.12461809971584586,-0.6097001861028822,-1.91
2018-07-03,1.368399977684021,0.20525897385774763,1.5931078221392028,0.33888061948679193,0.012342271203152969,1.91,0.0,0.4144749756469588,-0.22355116921322954,0.10198373080008727,0.1938214789524103,0.2691528223971669,-1.91
2018-07-04,1.364799976348877,0.20551122100329527,1.5912508684970135,0.33786357134307404,0.012361423192246056,1.91,0.0,-0.26342773873224173,0.12281668943401548,-0.11662969113014196,-0.3005711532341171,0.15505367435000753,-1.91
2018-07-05,1.364400029182434,0.20575151702284142,1.5912111898773134,0.336473510959788,0.01234728821874328,1.91,0.0,-0.029308747508075543,0.11685767985914765,-0.002493580063130279,-0.4122752221939374,-0.11441288709548661,-1.91
2018-07-06,1.364400029182434,0.20558101310368201,1.5957894383806916,0.3376141563286853,0.012338689984642411,1.91,0.0,0.0,-0.08290320674247734,0.2873078600661516,0.33842673970334025,-0.0696608769377506,-1.91
2018-07-09,1.3566999435424805,0.20434689428137298,1.5944293348566134,0.3362329603091843,0.012286500693141656,1.91,0.0,-0.5659554055559358,-0.6021168740164986,-0.08526710568523187,-0.40994401243086576,-0.42386977077347454,-1.91
2018-07-10,1.3553999662399292,0.20489175799461978,1.5935383395246134,0.3367453252485447,0.012215982717465209,1.91,0.0,-0.09586500832214986,0.26628180508725335,-0.055897389572645964,0.15226792583097026,-0.5756001887004154,-1.91
2018-07-11,1.3591500520706177,0.20495672555812325,1.5938810014292244,0.33767702356949747,0.012263266020809342,1.91,0.0,0.27629538531582526,0.031703210652113796,0.02150089895787078,0.27629538531582526,0.38631383384095874,-1.91
2018-07-12,1.3640999794006348,0.20412102964805823,1.5928303468257354,0.33798316537897394,0.012184033094282423,1.91,0.0,0.3635312750665766,-0.4085761506133613,-0.0659397433114548,0.09062005885035249,-0.6481959710419813,-1.91
2018-07-13,1.3632999658584597,0.20451850743872813,1.590410610912912,0.33757583818730796,0.012100474457729948,1.91,0.0,-0.058664924923082104,0.19453718005709686,-0.1520297339102195,-0.12058968613445009,-0.6881668580922922,-1.91
2018-07-16,1.365630030632019,0.20398978417751967,1.5949335927005137,0.3372758959451528,0.012149841238967653,1.91,0.0,0.1707676886393356,-0.258855728165556,0.28398719499406694,-0.08889130655969284,0.4071439732963661,-1.91
2018-07-17,1.3619500398635864,0.20353130360908642,1.5947706035392883,0.3380031972965578,0.012119796689678958,1.91,0.0,-0.2698357449604605,-0.22500958876086039,-0.010219703855886712,0.21540771509440815,-0.24758972280467922,-1.91
2018-07-18,1.3655600547790527,0.20360828681952783,1.5913208447229863,0.3378175739072192,0.012083318959415189,1.91,0.0,0.2647115426315612,0.037816617773677196,-0.21655123341197619,-0.054932728295928095,-0.30143026552793667,-1.91
2018-07-19,1.3652000427246094,0.2032243240684047,1.589863654682631,0.3363390090151474,0.012103802947859886,1.91,0.0,-0.026367168383500034,-0.18875717179490564,-0.09161305435413751,-0.4386420900553617,0.16937933682640338,-1.91
2018-07-20,1.368899941444397,0.20215011896107424,1.595473014938733,0.3371674780141071,0.012182835578306725,1.91,0.0,0.2706485497757957,-0.529982903546826,0.3521992578057989,0.24601675938351386,0.65083448528412,-1.91
2018-07-23,1.3610800504684448,0.20139980820959189,1.5981682674295428,0.3353239825946802,0.012256130255492277,1.91,0.0,-0.5728915513531796,-0.3718556567856083,0.16878872061052091,-0.5482597609608768,0.5998199550337941,-1.91
2018-07-24,1.3653000593185425,0.20101591521284687,1.5965994352936548,0.33603248618750814,0.012249238027391484,1.91,0.0,0.3095688825691559,-0.1907942910060902,-0.09821260310444357,0.21106636751090185,-0.05625076271423313,-1.91
2018-07-25,1.3631999492645264,0.20075103693909666,1.5929699205713632,0.33605323884281557,0.012254474359044702,1.91,0.0,-0.153938828083694,-0.13185669488659216,-0.22758660395496266,0.006175597707602702,0.04273908908449066,-1.91
2018-07-26,1.3576899766921997,0.2005835614008404,1.593588992106717,0.3358956056893919,0.012248544920748457,1.91,0.0,-0.4050130842626891,-0.08345931233946619,0.03885517638975107,-0.04691820146668105,-0.04839761454927122,-1.91
2018-07-27,1.363800048828125,0.20106740713229643,1.5878634072178104,0.33567157118011237,0.012270347139292906,1.91,0.0,0.44902478750471636,0.24092856903575413,-0.3599356741306557,-0.06671991285658257,0.1778402077650397,-1.91
2018-07-30,1.36149001121521,0.19984588375089513,1.587558390411317,0.33544149434657583,0.012272973429577751,1.91,0.0,-0.16952604055030548,-0.6093722453832601,-0.019211104972520383,-0.06856574677762597,0.021401263023876686,-1.91
2018-07-31,1.3608700037002563,0.1996903871505787,1.593226095099425,0.33556158142269255,0.012260752502748449,1.91,0.0,-0.04554926771450073,-0.0778385440784372,0.35637187695604405,0.03579330162118898,-0.09962553485606436,-1.91
2018-08-01,1.3614000082015991,0.19986200724247594,1.5914245542555534,0.3368051320188116,0.012176230900754138,1.91,0.0,0.03893842313379166,0.08590618144706122,-0.11313900546092064,0.3699029083974533,-0.6917542778926367,-1.91
2018-08-02,1.3620599508285522,0.199639429721592,1.5889640231401216,0.33515253625968666,0.01220265111371591,1.91,0.0,0.048463546356299514,-0.11142765623320779,-0.15473150820835974,-0.49187595263041156,0.2167467998690068,-1.91
2018-08-03,1.3688000440597534,0.2003278395078098,1.5858928359292577,0.33648811013473795,0.01225534975503148,1.91,0.0,0.49362522647815193,0.3442334005626724,-0.1934693943794991,0.3977054225690075,0.43093238201022044,-1.91
2018-08-06,1.3660999536514282,0.19992096793226138,1.5795253866026258,0.3348284262737279,0.012281316318833982,1.91,0.0,-0.19745448007973632,-0.2033093956231977,-0.4023138471715207,-0.49445742878015153,0.211655270671843,-1.91
2018-08-07,1.367900013923645,0.19957397303064056,1.5810217506763562,0.3355574719500669,0.01228579179913381,1.91,0.0,0.13167963084615367,-0.17371683758826512,0.09469019891442745,0.21750038766481322,0.03643473483201724,-1.91
2018-08-08,1.3636000156402588,0.19954343344801634,1.5821778055942843,0.3347489783440904,0.012246620869287085,1.91,0.0,-0.3148454540668806,-0.01530355839564594,0.07309402703392956,-0.24123115559766287,-0.3193404877406466,-1.91
2018-08-09,1.3629000186920166,0.1993943194065375,1.5824305959769163,0.33465928596552114,0.012290336901634115,1.91,0.0,-0.05134765852248861,-0.07475554637589386,0.015976092526587205,-0.02679751173926499,0.35632843329922026,-1.91
2018-08-10,1.3676999807357788,0.20062488174722776,1.5761270460335481,0.3358379137798847,0.012311527834436285,1.91,0.0,0.3515686654031261,0.6152535772864365,-0.3991415719772174,0.3515686654031261,0.17227099059566106,-1.91
2018-08-13,1.3736499547958374,0.2006441466709924,1.5652346894279106,0.33626681565930877,0.012416726012878021,1.91,0.0,0.43409149092214744,0.009601998866137653,-0.6934827107251292,0.1276294954814143,0.8508389935027443,-1.91
2018-08-14,1.3762799501419067,0.19976775177446973,1.5693044810463732,0.3359648424400328,0.012436901089167897,1.91,0.0,0.1912773226118249,-0.43774737933687324,0.25967414564181107,-0.08984201679566597,0.1623511983862965,-1.91
2018-08-15,1.377900004386902,0.20013944545403045,1.5633261468591968,0.33640135228031415,0.01238606311392258,1.91,0.0,0.11764332458937045,0.18589002106953487,-0.3816818613512333,0.129842905558205,-0.4096049602112329,-1.91
2018-08-16,1.3796000480651855,0.19896737780076834,1.5650595882179914,0.3364057801828283,0.012476487601233028,1.92,0.0,0.12330327190115985,-0.5873470231187243,0.1108201918173435,0.0013162471979125687,0.7273983031665274,-1.91
2018-08-17,1.3752000331878662,0.19984016271016192,1.5637935393070563,0.3351693829415959,0.01238874329221673,1.92,0.0,-0.3194437700869431,0.4376979942117811,-0.08092735123259989,-0.3682085657776423,-0.7057619822954825,-1.92
2018-08-20,1.3707200288772583,0.1993310750956486,1.5677913605436515,0.3343219660391916,0.012407513444757831,1.92,0.0,-0.32630289188063805,-0.25507243123540824,0.2553226903470625,-0.25315259301227705,0.15139507809890426,-1.92
2018-08-21,1.368899941444397,0.19964122121160366,1.573050335829862,0.33417960101339095,0.012450430801484743,1.92,0.0,-0.1328715457148411,0.1554725384687995,0.3348771258934825,-0.04259227950072622,0.3453012762825234,-1.92
2018-08-22,1.36489999294281,0.199386457448544,1.580111125465109,0.33330892866271217,0.012393084421346732,1.92,0.0,-0.29262941341356935,-0.12769229369342203,0.44785536825161987,-0.26088024161453577,-0.4616615762804582,-1.92
2018-08-23,1.3672000169754028,0.19978956857429164,1.5838739415368508,0.33411535054406283,0.012363005467751272,1.92,0.0,0.1683704525893641,0.20197167991113799,0.23785307237807876,0.24165206418291152,-0.2430025786109282,-1.92
2018-08-24,1.3740299940109253,0.1997862570089515,1.5860902881391326,0.33496584953382247,0.012337856222419598,1.92,0.0,0.4983158028742658,-0.001657540385671099,0.1398341938801341,0.25422906748608237,-0.2036305804819687,-1.92
2018-08-27,1.363700032234192,0.2005264273491904,1.588560762511051,0.3335045138599377,0.012254453196890653,1.92,0.0,-0.7546405745212503,0.3697965178934858,0.15563756968497047,-0.4372184862086531,-0.6782880279368199,-1.92
2018-08-28,1.3619999885559082,0.19990312506692431,1.59130743620841,0.33260074684696506,0.012255144333930186,1.92,0.0,-0.12474181940515601,-0.3113170753341701,0.17275397650515478,-0.2713587839231009,0.005639725734770566,-1.92
2018-08-29,1.364429950714111,0.20052760297144062,1.5951900886948918,0.33254445434223373,0.012274247667812425,1.92,0.0,0.17825235606567996,0.31190334160322053,0.2436941737832943,-0.01692638081581686,0.15575875458359226,-1.92
2018-08-30,1.363700032234192,0.1999941432952094,1.5968571410574128,0.33066607583769664,0.012207283522106989,1.92,0.0,-0.05351053666052815,-0.2663825356074417,0.10445036643217565,-0.5664516595093867,-0.5470598402637453,-1.92
2018-08-31,1.3669999837875366,0.19976326074639567,1.59455948881633,0.3323284848590233,0.012315426058094858,1.91,0.0,0.24169283629717392,-0.1155113437056836,-0.1439895134061659,0.5014860162796323,0.8819844044076988,-1.92
2018-09-03,1.3717999458312988,0.20071400689099675,1.5914337612924214,0.33340622932778535,0.012342546430616538,1.91,0.0,0.3505160713839476,0.4748074398135513,-0.19621689573053797,0.3237762391848397,0.21997253399414896,-1.91
2018-09-04,1.3717000484466553,0.2010671224068865,1.5932956367079214,0.33241245736892205,0.01234786907766931,1.92,0.0,-0.007282477484681263,0.17577510791754905,0.1169252011672327,-0.2985115067120612,0.043115087580746315,-1.91
2018-09-05,1.3754199743270874,0.20101131635414465,1.593636639720458,0.33258855992063435,0.012339921518765708,1.92,0.0,0.270823853581963,-0.027758789191561935,0.021400079089237238,0.05296309366461015,-0.06438453167450385,-1.92
2018-09-06,1.3751599788665771,0.20134114117535684,1.6000279123271641,0.33132394609562776,0.01233891743976164,1.92,0.0,-0.01890477395377907,0.16394824434051777,0.4002474921701755,-0.38095843744002006,-0.00813716566090208,-1.92
2018-09-07,1.3747299909591677,0.20114859466163432,1.59744583716433,0.3322770855733278,0.012441558050476562,1.92,0.0,-0.031273099333581786,-0.09567773350074843,-0.16150723517366275,0.28726300522630077,0.8284037788789833,-1.92
2018-09-10,1.378499984741211,0.2015616101702951,1.5936968622825134,0.33277006883030835,0.012427876014220442,1.92,0.0,0.2738598788723377,0.20511804692968744,-0.23496138904781574,0.14825515574728498,-0.11003095286292702,-1.92
2018-09-11,1.378600001335144,0.20109988059768766,1.5986176860079127,0.33244911441078967,0.012403281829475884,1.92,0.0,0.007255202530346137,-0.22933892888748697,0.30829215282011535,-0.09649584753690267,-0.19809138938834686,-1.92
2018-09-12,1.3762500286102295,0.20019929023792055,1.595911208338265,0.33224295337660165,0.012331215790789425,1.92,0.0,-0.17060625945992186,-0.4488381422767594,-0.16944459773055745,-0.06203204484902181,-0.5827184664600051,-1.92
2018-09-13,1.371999979019165,0.20000291250265098,1.5955343908458985,0.3312809320977669,0.01233591048337242,1.92,0.0,-0.309291583175385,-0.09813926544444299,-0.02361422010225056,-0.2899735711068206,0.03806436621355898,-1.92
2018-09-14,1.370479941368103,0.20027765736083109,1.6023382767475025,0.3307940863446986,0.012235117029184143,1.92,0.0,-0.11085133534902644,0.1372761617780224,0.42552639679503773,-0.1470666698652635,-0.8204298294624043,-1.92
2018-09-17,1.3744299411773682,0.2001907945899097,1.5983230641447506,0.3323089674089424,0.012276847473583036,1.92,0.0,0.28780562603808724,-0.043380581846314256,-0.25089906625093755,0.4569074719567831,0.3404907404352027,-1.92
2018-09-18,1.3747800588607788,0.2005367973877212,1.6042523730535834,0.33239361868316164,0.012308890937503588,1.92,0.0,0.025470421342759068,0.17268732711329451,0.3702842165533892,0.025470421342736867,0.26066723340730186,-1.92
2018-09-19,1.3696999549865725,0.19965889759852068,1.5997990739305126,0.3308454104249276,0.012199292373099321,1.92,0.0,-0.37020562369326226,-0.4387359526439153,-0.27797943100513517,-0.4668636803232668,-0.894389385044365,-1.92
2018-09-20,1.3690299987792969,0.19994888219853904,1.5982885301250462,0.33122760643838584,0.012188982811259689,1.92,0.0,-0.04892459146750343,0.1451346373024741,-0.09446544965693225,0.115454352066373,-0.08454523639573838,-1.92
2018-09-21,1.364799976348877,0.19936019583067172,1.6071785633046147,0.3299726885888105,0.012132094253318678,1.92,0.0,-0.30945785543417126,-0.2948526976981012,0.5546808445574459,-0.3795882626873896,-0.46781367075357455,-1.92
2018-09-24,1.3650000095367432,0.19907535998017184,1.6040142350206565,0.3307086591431719,0.012130745302007369,1.93,0.0,0.014655519763975933,-0.14297714893596955,-0.19708124095337629,0.2227914746829271,-0.011119484260064608,-1.92
2018-09-25,1.3658000230789185,0.19870806021548343,1.605218420164249,0.3309024843475533,0.012109658870640484,1.93,0.0,0.05859188190327316,-0.18467329226291865,0.07504505465884485,0.05859188190327316,-0.17397759984064598,-1.93
2018-09-26,1.3659600019454956,0.19893683364381487,1.6068038935944458,0.33038093920023526,0.01209145854653381,1.93,0.0,0.011712512467747273,0.11506419778311004,0.09872120453028356,-0.15773728385877428,-0.15040898504093647,-1.93
2018-09-27,1.3657000064849854,0.19861549336220574,1.604497356225494,0.3300386666766536,0.012117582141189692,2.18,0.0,-0.019035711654672167,-0.1616593991593824,-0.14365128564145924,-0.10365305668716053,0.2158169349417714,-1.93
2018-09-28,1.3680800199508667,0.1988401684520136,1.5920865600160568,0.3305339550918237,0.012068773809256996,2.18,0.0,0.174118915506362,0.11305669302261634,-0.7765076028099772,0.14995732237822662,-0.40360274435739407,-2.18
2018-10-01,1.367319941520691,0.1990885077653799,1.5868255520828853,0.3308298997326689,0.012015536311664085,2.18,0.0,-0.055573478134347834,0.12481600872179162,-0.330994538435506,0.08949526299001986,-0.44209349601198505,-2.18
2018-10-02,1.3717000484466553,0.19972627287452707,1.5880935944094574,0.3315287278986687,0.01203815894136844,2.18,0.0,0.3198304996487783,0.3198304996488004,0.07987872040124458,0.21101210013666455,0.18810113071329873,-2.18
2018-10-03,1.3728699684143066,0.1998966189753128,1.5859045344608944,0.3316912270256421,0.012087569898497089,2.18,0.0,0.08525342995977883,0.08525342995977883,-0.13793708797359494,0.04900308834757001,0.4096127129871144,-2.18
2018-10-04,1.3810700178146362,0.20109350452942518,1.5849591627755188,0.3337288348271919,0.012063221853137986,2.18,0.0,0.5955157828517564,0.5969668769368262,-0.05962865664712456,0.612429437303714,-0.20163358500734874,-2.18
2018-10-05,1.3799999952316284,0.2009347859443464,1.5894955603990155,0.33293124284240966,0.012116529661353587,2.18,0.0,-0.07750782352635618,-0.07895891761140536,0.28580660976881744,-0.2392800745234615,0.44093004471818364,-2.18
2018-10-08,1.3834999799728394,0.20170872382084845,1.594151117255734,0.33393674582071176,0.012166381080134174,2.18,0.0,0.25330100553504475,0.3844288115276864,0.29246713888919984,0.30156005607902325,0.4105890710188634,-2.18
2018-10-09,1.383929967880249,0.1997070566504395,1.5907057619824911,0.3327234631075421,0.012236663805286749,2.18,0.0,0.031074890347517873,-0.997311943758192,-0.21635864642515604,-0.36398874162983463,0.5760176224896141,-2.18
2018-10-10,1.3812999725341797,0.19955791055524888,1.5894549253678179,0.3326029407982481,0.01222410979932717,2.18,0.0,-0.1902189832857201,-0.07471033743419266,-0.07866499854250586,-0.036229528816155064,-0.10264603454302587,-2.18
2018-10-11,1.3825900554656982,0.19970102371946907,1.5945909507494207,0.33311411039392463,0.012334421904172733,2.18,0.0,0.09335270304813117,0.07168940157064603,0.3226102911808579,0.15356965702513534,0.8983667923075702,-2.18
2018-10-12,1.3762099742889404,0.19978079722195938,1.5950879510494929,0.33115405427485134,0.012278818270929272,2.18,0.0,-0.462526640719106,0.039938489998206546,0.031163030473945672,-0.5901417264442955,-0.45181965023186194,-2.18
2018-10-15,1.3785300254821775,0.19917500803317548,1.5923876726092765,0.33201590605664727,0.012287239811958056,2.18,0.0,0.16844070525511384,-0.3036875996710991,-0.16943057171270365,0.2599189705674597,0.06856241510355492,-2.18
2018-10-16,1.375599980354309,0.19890396543115155,1.5934204851990474,0.3311905510588861,0.012299603350422914,2.18,0.0,-0.21277472211506204,-0.13617531292829413,0.06483834398015757,-0.2488984885471317,0.10057036948814874,-2.18
2018-10-17,1.3742400407791138,0.19884822537018013,1.5907212209090176,0.33106240260219144,0.012232646790050941,2.19,0.0,-0.0989104584714767,-0.028027532028928617,-0.16954427194267185,-0.038700758550249036,-0.5458669811993102,-2.18
2018-10-18,1.3782000541687012,0.1989807031824851,1.5850489784716615,0.33163292234936453,0.012236744631301585,2.19,0.0,0.2877458535201794,0.06660039413612458,-0.35722033478658816,0.1721816547186784,0.03349361018742701,-2.19
2018-10-19,1.3812999725341797,0.19912926881209822,1.582970300717534,0.33174818985807464,0.01231269779912178,2.19,0.0,0.22467255948220985,0.07463547610489403,-0.13122887642069275,0.034751519978191446,0.6187791057278998,-2.19
2018-10-22,1.3768999576568604,0.19872701419589525,1.584738348386736,0.33126428561267585,0.012241286598183448,2.19,0.0,-0.319050012406694,-0.2022110849815922,0.11162944883210667,-0.1459714105617946,-0.5816685481719673,-2.19
2018-10-23,1.3802499771118164,0.1986971873574345,1.5828555930634138,0.33203029963427955,0.012240924561578957,2.2,0.0,0.2430060883707755,-0.015010076588279079,-0.11887606680915754,0.23097259624542782,-0.002957548255378403,-2.19
2018-10-24,1.3775399923324585,0.19856718933584955,1.5804726596265652,0.33107575439814896,0.012250898130104911,2.2,0.0,-0.19653314296349156,-0.06544660626615156,-0.15065991874616844,-0.28790142682483477,0.08144407382665524,-2.2
2018-10-25,1.3812999725341797,0.19894858193996562,1.5745795280529367,0.3315650526197716,0.012331714099728797,2.2,0.0,0.2725770669994279,0.1918880953675139,-0.373568364417165,0.147681309502702,0.6575075099300345,-2.2
2018-10-26,1.3806099891662598,0.19870610222543225,1.5708385950324555,0.3313357928951172,0.012288473590716354,2.2,0.0,-0.049964219821934115,-0.12195492936069767,-0.23786565969573267,-0.06916863520265915,-0.3512609571957112,-2.2
2018-10-29,1.3800599575042725,0.19878429020600877,1.5730942739197926,0.33071171919055375,0.012332094156635479,2.2,0.0,-0.03984769493569103,0.03934081581528066,0.1434941118915423,-0.1885284297625946,0.3543428568177197,-2.2
2018-10-30,1.3832299709320068,0.1989714998589428,1.573586743240753,0.33115392764495644,0.01231464336872512,2.2,0.0,0.22943772824819617,0.094132968738112,0.031300873669472096,0.13362485946087013,-0.14160730854151587,-2.2
2018-10-31,1.3847999572753906,0.19878557557844648,1.5712436157878074,0.3312918694127773,0.01224922985308631,2.2,0.0,0.1134371052667741,-0.09348635411847799,-0.1490145806944288,0.04164620575063542,-0.5326006177980442,-2.2
2018-11-01,1.3847999572753906,0.1985461686417576,1.5671362349521587,0.3311334060789324,0.012271047511676557,2.2,0.0,0.0,-0.12050734387257454,-0.26175181948033405,-0.04784338482553966,0.17795609750604807,-2.2
2018-11-02,1.3763099908828735,0.19881977223765399,1.5694460361132203,0.32953670356117964,0.012210531301061745,2.19,0.0,-0.6149695816951499,0.13770865139002159,0.1472814279351637,-0.4833594264926986,-0.49438260772435,-2.2
2018-11-05,1.3737599849700928,0.1993875010658053,1.5657526102422992,0.3302307777306035,0.012142231995255357,2.2,0.0,-0.18545030970113247,0.2851425631217065,-0.23561043468819623,0.2103997075178864,-0.5609177410349798,-2.19
2018-11-06,1.3741999864578247,0.19844616487212338,1.5683632541119152,0.32930746056494864,0.012134644577245883,2.2,0.0,0.032023864689960733,-0.4732319212947895,0.16659527512088065,-0.27998915460249163,-0.0625073677320799,-2.2
2018-11-07,1.3724000453948977,0.1983667060762915,1.5698207308743408,0.32962654034384964,0.012106243288871213,2.2,0.0,-0.13106686810764495,-0.04004849777377098,0.09288664235049941,0.09684727253433406,-0.2343255868112367,-2.2
2018-11-08,1.371399998664856,0.19846599550627547,1.5680668693535154,0.3305295258991968,0.012077818295939912,2.2,0.0,-0.0728950184609512,0.050040952602898835,-0.11178613939744626,0.27356746826298456,-0.2350722265660565,-2.2
2018-11-09,1.375,0.19831254591023495,1.5631571114063263,0.3303700001844564,0.012066377933439957,2.19,0.0,0.2621616223970392,-0.0773477331425395,-0.31360017687083647,-0.04827533128488654,-0.09476698455778934,-2.2
2018-11-12,1.3787000179290771,0.19820583674605383,1.5613816227589155,0.33015637915719526,0.012110219153931073,2.19,0.0,0.2687308081247017,-0.05382306164085115,-0.11364806069431861,-0.06468206006303706,0.36267526308623016,-2.19
2018-11-13,1.3846999406814575,0.19887970150302495,1.5554929728298814,0.33114909830850814,0.012178968047145817,2.2,0.0,0.4342427640197115,0.33940566399431177,-0.37785651971112616,0.30023035671814874,0.5660879158851042,-2.19
2018-11-14,1.3777999877929688,0.19809638099584043,1.5584562548128817,0.3287128537158315,0.01210837576616448,2.2,0.0,-0.49954515228193164,-0.3946441906017441,0.19032313379958804,-0.7384137409279251,-0.5813108284961302,-2.2
2018-11-15,1.378790020942688,0.1984013244538724,1.559664364264762,0.3287530036820153,0.012141083306611912,2.2,0.0,0.07183028227990226,0.15381855378515463,0.077489594529536,0.01221355170979999,0.269759091810325,-2.2
2018-11-16,1.3759599924087524,0.19831656524948352,1.5582608212617686,0.32843060986216965,0.012117123761268986,2.2,0.0,-0.20546543358375427,-0.04273021604441956,-0.09003058215202348,-0.09811378100838422,-0.19753770809981447,-2.2
2018-11-19,1.373110055923462,0.19794004554458317,1.567262551808568,0.3277112260552924,0.012180519959498494,2.2,0.0,-0.20733829667159326,-0.1900383781415131,0.5760158771297099,-0.21927700864215935,0.5218311933343037,-2.2
2018-11-20,1.371000051498413,0.19752197875124036,1.5704827712603446,0.32744211074762763,0.012192844746439658,2.2,0.0,-0.1537842694563619,-0.21143215955033706,0.20525697599980108,-0.08215338537812254,0.1011332504997861,-2.2
2018-11-21,1.374500036239624,0.19792927670632163,1.5631397700574041,0.3281604536288521,0.012195771190738718,2.2,0.0,0.25496168459994956,0.20599155697826724,-0.4686598048347391,0.219139828831539,0.02399844518150029,-2.2
2018-11-22,1.3732000589370728,0.19826168406642922,1.5638488797951027,0.3289023276977288,0.012149954554472497,2.2,0.0,-0.09462294679305655,0.1678016264969338,0.04535416205539398,0.2258153726587469,-0.37638385344575986,-2.2
2018-11-23,1.3727999925613403,0.19806664932504944,1.5654256457381592,0.32736377222477875,0.012151038530746235,2.2,0.0,-0.02913811879535308,-0.09842079946917788,0.1007751837451926,-0.46888245237784176,0.00892125083658752,-2.2
2018-11-26,1.3754199743270874,0.19797336149904007,1.5593623399589942,0.328145034710763,0.012180589537096638,2.2,0.0,0.19066760237826091,-0.04711030460816649,-0.3880783859006897,0.23836837816442946,0.2429021255594369,-2.2
2018-11-27,1.374500036239624,0.19831766086976205,1.5577717762630527,0.3283956489394062,0.012109705938538419,2.2,0.0,-0.06690653678986487,0.17376091706146823,-0.10205296112919669,0.07634385714596123,-0.5836388432635428,-2.2
2018-11-28,1.3773000240325928,0.19815555417585815,1.556183355949372,0.3288681847044811,0.012106322964674374,2.2,0.0,0.20350234013698448,-0.0817743528619982,-0.10201948223452922,0.14378878687724944,-0.027939955800124396,-2.2
2018-11-29,1.3723000288009644,0.19737088726318278,1.5601055034117763,0.32693268706897216,0.01208489300438508,2.2,0.0,-0.36368931093929124,-0.39677142151199696,0.25171925391962696,-0.5902716323016299,-0.17717146523245705,-2.2
2018-11-30,1.3694000244140625,0.19727724375696426,1.560125436344606,0.3274666557200962,0.012074666362417457,2.2,0.0,-0.21154797477007783,-0.04745670921280658,0.0012776575333641185,0.16319355314577733,-0.08465918126368935,-2.2
2018-12-03,1.3687000274658203,0.19670882314563942,1.5524124982387093,0.32744021140542057,0.012031152673463554,2.19,0.0,-0.051130123094779205,-0.28854878558757757,-0.49560545480246043,-0.008075748176552334,-0.3610226738306457,-2.2
2018-12-04,1.3658000230789185,0.1984511054317783,1.5508469770228999,0.328080708151842,0.01202426375639564,2.2,0.0,-0.21210498595883795,0.881816930376368,-0.10089529161811488,0.1954161739578365,-0.05727539389164522,-2.19
2018-12-05,1.364799976348877,0.1996401557953122,1.548076822728774,0.32926416951244697,0.012110134132989451,2.2,0.0,-0.07324740166724832,0.5973775439850341,-0.17878174559822654,0.3600735867816316,0.711604568272342,-2.2
2018-12-06,1.367300033569336,0.19943697355375406,1.5517574110972419,0.3293508272776798,0.012094541430889198,2.2,0.0,0.18301364585415839,-0.10182606026329408,0.23747012391420597,0.026315151083788294,-0.12884043180892335,-2.2
2018-12-07,1.3697999715805054,0.19904964817348927,1.5581135680706382,0.32913643182396,0.012155578053106715,2.19,0.0,0.1826706150032235,-0.19439824632672356,0.40877360293730614,-0.06511757314427037,0.5033934051273172,-2.2
2018-12-10,1.3708000183105469,0.19939779255339996,1.5628420772932259,0.32920269140448355,0.012184672554239283,2.2,0.0,0.07298013413971954,0.1747505105675851,0.30301698440866964,0.02012931585239899,0.23906504052632352,-2.19
2018-12-11,1.3738000392913818,0.19878455853440222,1.5601613084449184,0.3293694648849046,0.012138080086364146,2.19,0.0,0.21861270222753212,-0.3080169184583656,-0.17167893694791722,0.050646989063628994,-0.3831188480510911,-2.2
2018-12-12,1.3729000091552734,0.1989998515370067,1.5545491091086205,0.32830361225422955,0.01210841015167546,2.19,0.0,-0.06553538081671054,0.10824608414783572,-0.36036771689796193,-0.3241286897313911,-0.24473603566194752,-2.19
2018-12-13,1.371500015258789,0.19937490594441032,1.5598699330187176,0.3280315567871282,0.012106633454764296,2.19,0.0,-0.10202550688458616,0.18829231078020928,0.3416899919331836,-0.08290138804533975,-0.014674323476167515,-2.19
2018-12-14,1.3708000183105469,0.1992239156073019,1.5577272786790672,0.3281152663442098,0.012071152234775742,2.19,0.0,-0.051051814526244285,-0.07576055731553481,-0.13745551663774852,0.025515495795970716,-0.293502853527762,-2.19
2018-12-17,1.3766100406646729,0.19931804954229404,1.5563883859692282,0.32913570312761864,0.012140489003215798,2.2,0.0,0.4229460393880451,0.047239159222450124,-0.0859886360379452,0.31051688038009634,0.5727571898843737,-2.19
2018-12-18,1.372499942779541,0.19902263666146236,1.5577648431310536,0.3293973600750635,0.01216442504873477,2.2,0.0,-0.2990132058892591,-0.14832174830264172,0.088400097888565,0.07946661324547333,0.19696472249317432,-2.2
2018-12-19,1.369979977607727,0.19871486289599974,1.558407000158368,0.3268082076052571,0.012175002242563536,2.2,0.0,-0.18377278625029597,-0.15476228780795215,0.041214481658787556,-0.7891325625719503,0.08691407869228367,-2.2
2018-12-20,1.371899962425232,0.19908576453862076,1.5625283926370488,0.3285200966417351,0.0122044294789723,2.4,0.0,0.14004881127640678,0.18647620165513104,0.2641127966919874,0.5224535303376904,0.24141047286474668,-2.2
2018-12-21,1.3694000244140625,0.19892215864177915,1.568901498512787,0.3268335879370747,0.012317961102584136,2.4,0.0,-0.18239074280114342,-0.08221238650185393,0.40704182412286527,-0.5146877075266445,0.9259491598045119,-2.4
2018-12-24,1.3735100030899048,0.19890376270752697,1.562067076270381,0.32870885375358755,0.01236794705748186,2.4,0.0,0.2996803913033507,-0.009248233097981184,-0.4365698942113072,0.5721280004196456,0.4049761741808557,-2.4
2018-12-25,1.3736000061035156,0.19912729971401244,1.5664450036988455,0.3292110072996405,0.012452067729820205,2.4,0.0,0.006552559842299414,0.1123213995545487,0.2798729986785987,0.15264887816506184,0.6778480605723249,-2.4
2018-12-26,1.3717999458312988,0.19886057606168725,1.5659817502353803,0.32858270324599675,0.012425498999316616,2.4,0.0,-0.13113284488070442,-0.134036089284167,-0.029577928119832685,-0.19103382554384032,-0.21359597499327984,-2.4
2018-12-27,1.3717999458312988,0.19886634955404137,1.5585448374440602,0.3286141932188262,0.012335664712517357,2.4,0.0,0.0,0.0029032444034690088,-0.4760354329909309,0.009583116725880112,-0.7256095230353369,-2.4
2018-12-28,1.3705999851226809,0.19964166889736595,1.5667402273583948,0.32890189000157,0.012363898278092061,2.4,0.0,-0.08751172807833335,0.38911152883803257,0.5244583152805192,0.08751019433461843,0.22861601140390786,-2.4
2018-12-31,1.3661500215530396,0.19864915901740984,1.5628682061593793,0.32911347001210073,0.012382398249616526,2.4,0.0,-0.32520087552931914,-0.49838553378135164,-0.24744457697692115,0.06430853462692503,0.14951712027048578,-2.4
2019-01-01,1.3622000217437744,0.19806327549041405,1.5655852255622733,0.3298305045999198,0.012425431504800159,2.4,0.0,-0.2895524772360888,-0.2953695936834063,0.17369733290355718,0.21763151298306527,0.34693319627658364,-2.4
2019-01-02,1.3624000549316406,0.1980952444342479,1.5615437224573725,0.3299188966892062,0.012422949848911997,2.4,0.0,0.014683489877141083,0.01613947058834704,-0.258480249599906,0.026795655939240107,-0.019974386750480293,-2.4
2019-01-03,1.3671000003814695,0.19925375831290648,1.5472983607318154,0.3306166686116855,0.012724192592270677,2.4,0.0,0.34438175487446454,0.5831232258889502,-0.9164480566822052,0.2112746742758833,2.3959553645626963,-2.4
2019-01-04,1.3640999794006348,0.1985271629795428,1.5538569583966932,0.3294927592735904,0.012653049832951303,2.4,0.0,-0.2196852818974488,-0.3653247818478105,0.4229783269982735,-0.3405224578369497,-0.5606830285241713,-2.4
2019-01-07,1.3583999872207642,0.19777531420092875,1.549994830808643,0.3295487422524088,0.01251727711886141,2.4,0.0,-0.4187328248489491,-0.3794322387213476,-0.24886043816334108,0.016989212006668468,-1.0788420128952128,-2.4
2019-01-08,1.3552000522613523,0.19783942644215916,1.5557341210450772,0.3295479607305929,0.012476983922892369,2.4,0.0,-0.2358443688157309,0.03241145245873783,0.3695941827908646,-0.00023714936287104035,-0.32241986116123317,-2.4
2019-01-09,1.357100009918213,0.1980531805439139,1.5547027784364786,0.3298495696493126,0.012476097647776383,2.4,0.0,0.1400993934351792,0.10798591272189717,-0.0663149698723324,0.09148015449185452,-0.0071035323941737935,-2.4
2019-01-10,1.3525999784469604,0.19845648140264396,1.5629224151952883,0.32978177913563367,0.012502194687596368,2.4,0.0,-0.3321427189399014,0.20342555882664473,0.5273023723969695,-0.020554060701476445,0.20895783398879691,-2.4
2019-01-11,1.3514000177383425,0.19910129454528494,1.5554788500870134,0.3300122312521768,0.012478532024148222,2.4,0.0,-0.08875449623385878,0.32438742094064055,-0.47739714117032184,0.06985577992110606,-0.1894474151882299,-2.4
2019-01-14,1.353309988975525,0.20013457145512617,1.5509116760857893,0.3305997174971449,0.01247773319340928,2.4,0.0,0.14123300094446553,0.5176284522330472,-0.29405042628136885,0.17786126967716706,-0.006401845246083026,-2.4
2019-01-15,1.3531099557876587,0.19995418780793223,1.5524080577806814,0.33040556015409966,0.012499861023442575,2.4,0.0,-0.014782124896578654,-0.09017182074729505,0.09643748883067921,-0.058746081217062096,0.17718148217206686,-2.4
2019-01-16,1.354599952697754,0.20065175044302205,1.5465235525346088,0.3301486469760704,0.012468244796802514,2.4,0.0,0.11005588566336541,0.3482541188200926,-0.3797768430377939,-0.07778716363036364,-0.25325304022488787,-2.4
2019-01-17,1.354300022125244,0.2004588534212042,1.5436432092843686,0.3298745461307259,0.01242055440158335,2.4,0.0,-0.022144086272891765,-0.09618146956478361,-0.18641997706957947,-0.0830579482553917,-0.3832282401867056,-2.4
2019-01-18,1.3549000024795532,0.1999734288950052,1.5435882949944357,0.3296593572908225,0.012412851721847262,2.4,0.0,0.04429206840905481,-0.24245036447964693,-0.0035575103365266714,-0.06525482508875176,-0.06203482474231157,-2.4
2019-01-21,1.3581000566482544,0.20037475876907096,1.5435587505808002,0.330437959253048,0.012384530672689239,2.4,0.0,0.23590531389740946,0.2004904834669017,-0.0019140269770331095,0.23590531389740946,-0.22841976641983167,-2.4
2019-01-22,1.3588900566101074,0.19991615556425896,1.5449657727868953,0.32969166102391406,0.01239071833042938,2.4,0.0,0.05815258438085878,-0.22913505605075185,0.09111291121614716,-0.22610666879941285,0.049950318303700864,-2.4
2019-01-23,1.3596999645233154,0.1997502471749483,1.5451662601955718,0.3290259910568084,0.012433815763191637,2.4,0.0,0.05958294048551897,-0.08302344040102677,0.012975976872040863,-0.20211093223374954,0.3472167968839986,-2.4
2019-01-24,1.357699990272522,0.1999263749653396,1.5461792107310401,0.3283831131947628,0.012399992971037188,2.4,0.0,-0.14719766285255897,0.08813515328927227,0.06553460823116321,-0.19557930147667563,-0.2723932799003265,-2.4
2019-01-25,1.3603999614715576,0.20042429627073527,1.5390880649027565,0.3285355394421876,0.012412748158766475,2.4,0.0,0.19866613700714555,0.24874271377661206,-0.4596787040704658,0.04640643085668201,0.10281160623167773,-2.4
2019-01-28,1.3529599905014038,0.200545478281164,1.544139961083033,0.3283883563306963,0.012367092976514785,2.4,0.0,-0.5483968030473212,0.06044446330333901,0.32770204854563617,-0.044809791484566645,-0.36848689757336733,-2.4
2019-01-29,1.3530000448226929,0.2006138616563472,1.5464801892958064,0.3293974484946225,0.0123839866003405,2.4,0.0,0.0029604518003994856,0.034092874844301894,0.15144071714855464,0.30681505989288943,0.13650819873633102,-2.4
2019-01-30,1.35207998752594,0.2008437333346933,1.546153069355526,0.32961479999228127,0.012357129054795855,2.4,0.0,-0.06802440750209407,0.11451854758076618,-0.021154783910135182,0.06596281208392847,-0.21710869039773317,-2.4
2019-01-31,1.3463000059127808,0.2004765140920276,1.5465824435923992,0.3293297614869295,0.012353529250317024,2.4,0.0,-0.4284044847078986,-0.18300564076112757,0.02776663169768174,-0.08651365829327749,-0.029135642279109416,-2.4
2019-02-01,1.3454999923706057,0.20082688878167249,1.540531222012419,0.32865169455399307,0.012361728441531964,2.4,0.0,-0.05944078804074531,0.1746183940454385,-0.39203152105705175,-0.20610525319315764,0.06634922943516615,-2.4
2019-02-04,1.350000023841858,0.20018387128296047,1.5464626108533819,0.3298314305476125,0.01233575156867647,2.4,0.0,0.3338924596454111,-0.3206986514352583,0.3842829925378871,0.358319662538249,-0.21036059083008463,-2.4
2019-02-05,1.3525999784469604,0.20056940385245497,1.5468716935195914,0.33115437208149556,0.012300724770287652,2.4,0.0,0.19240401132031773,0.19240401132031773,0.026449302166671074,0.40029401392180947,-0.28434928361926626,-2.4
2019-02-06,1.350780010223389,0.20056720881394016,1.541229890855732,0.3302640488579693,0.012286408045919184,2.4,0.0,-0.13464392768685504,-0.0010944094582865293,-0.36539011341958966,-0.26921649989683105,-0.11645705982512393,-2.4
2019-02-07,1.3551000356674194,0.20094012320355256,1.5402013934814391,0.3317745512052384,0.012322003816362288,2.4,0.0,0.3193067720098877,0.18575725378132119,-0.06675452525673597,0.45631930470196574,0.289297785394231,-2.4
2019-02-08,1.3569999933242798,0.2012218571830392,1.5386708107594131,0.33341521771247284,0.012363789078265177,2.4,0.0,0.14010972658554244,0.14010972658554244,-0.09942490279417568,0.49329376694518223,0.33853724681859937,-2.4
2019-02-11,1.3553999662399292,0.20098459821248646,1.534890032422183,0.3333497224118156,0.012343138114693957,2.4,0.0,-0.11797871212158359,-0.11797871212158359,-0.24601954781970528,-0.01964569428491502,-0.16716743623374666,-2.4
2019-02-12,1.3602999448776243,0.2002974281798868,1.534288151569015,0.3342260165857312,0.012321557301416847,2.4,0.0,0.3608634322979923,-0.3424876566107061,-0.039220978698659585,0.26253041446130426,-0.17499359647647822,-2.4
2019-02-13,1.3559000492095947,0.2001919528358541,1.5368659658544743,0.3331449611846368,0.012268923283698604,2.4,0.0,-0.32397463559626727,-0.05267323003863442,0.1678727144442734,-0.32397463559626727,-0.42808515202125647,-2.4
2019-02-14,1.3589999675750732,0.20105334637838596,1.5309053774587653,0.33435847362361293,0.012251742291489886,2.4,0.0,0.22836345305408257,0.4293607264876098,-0.38859453520812104,0.36359776223303647,-0.14013481785534043,-2.4
2019-02-15,1.3579000234603882,0.20054052270680572,1.5337957102766637,0.33343154012129284,0.012284463249900594,2.4,0.0,-0.08097053100298679,-0.25539431241556537,0.18862091878370377,-0.277612446593692,0.26671587628219445,-2.4
2019-02-18,1.3559999465942385,0.2002333031477055,1.5320128910360609,0.3321656626801558,0.01226438904087092,2.4,0.0,-0.14002558661517614,-0.15331321531373585,-0.11630337528572136,-0.38037388440943054,-0.16354502659654185,-2.4
2019-02-19,1.3559999465942385,0.20042271663910605,1.5339019071130908,0.3325730073193854,0.01226139473090192,2.4,0.0,0.0,0.09455168331811284,0.12322692836785432,0.12255784373648128,-0.024417649700742495,-2.4
2019-02-20,1.3524600267410278,0.2001361459460268,1.5340970118196537,0.33162347718265855,0.012231487572909011,2.4,0.0,-0.2613973921497022,-0.14308545821314925,0.012718694626767384,-0.2859186417711402,-0.24421113436602104,-2.4
2019-02-21,1.351099967956543,0.20104756160130943,1.5330064012420053,0.33245569016661847,0.012197896225355916,2.4,0.0,-0.10061244447196267,0.4543640263177536,-0.07111665155921205,0.25063680974573815,-0.2750079085191115,-2.4
2019-02-22,1.3530000448226929,0.20136626112573908,1.534709554969936,0.331902383191563,0.012221339402616781,2.4,0.0,0.14053305498198815,0.15839395819013039,0.1110372620692355,-0.16656894080891388,0.19200588274103386,-2.4
2019-02-25,1.3500499725341797,0.20110378865059106,1.5312591572671863,0.33121930858147736,0.012187646100573121,2.4,0.0,-0.21827738598043717,-0.13043082957560537,-0.22507725833043274,-0.20601794818664154,-0.2760731160997741,-2.4
2019-02-26,1.3487999439239502,0.20166257788510408,1.5332499209966954,0.3318080996156798,0.012146317497583823,2.4,0.0,-0.0926341766539158,0.27747579711893877,0.1299238448119995,0.17760689277626604,-0.3396786763536011,-2.4
2019-02-27,1.347350001335144,0.20112102497209636,1.535056721521656,0.3313454564089118,0.012187036473013628,2.4,0.0,-0.10755653491269296,-0.2689053057260313,0.11777184905592479,-0.13952825182695233,0.33467653892860233,-2.4
2019-02-28,1.3479100465774536,0.201595826922564,1.5339471970911944,0.3316707685924833,0.012158449716893043,2.4,0.0,0.04155778963174026,0.2357995044066088,-0.07230518488889605,0.09813099511291004,-0.23484245938506393,-2.4
2019-03-01,1.3513000011444092,0.20189750985983565,1.5368955295823243,0.33250491092977846,0.012134845350900963,2.4,0.0,0.2511813670924802,0.14953555163669566,0.19202112641247396,0.2511813670924802,-0.19432829802957144,-2.4
2019-03-04,1.3526999950408936,0.20173293122583644,1.538820313498519,0.33219547793966536,0.012084367705888615,2.4,0.0,0.1035498538132829,-0.08154917289057859,0.1251600775663225,-0.09310450772924181,-0.41684028282700636,-2.4
2019-03-05,1.354300022125244,0.20194445017217558,1.535417902114545,0.33222127864649126,0.012116088434549975,2.4,0.0,0.11821405692905497,0.10479604527976803,-0.221349975801696,0.007766422680679472,0.26214999125118715,-2.4
2019-03-06,1.3554999828338623,0.202114326870846,1.5326775549862077,0.33225481901004367,0.012117176044330775,2.4,0.0,0.08856452762982037,0.0840851471771567,-0.17863511063259668,0.01009528068781045,0.008976172256777153,-2.4
2019-03-07,1.3567500114440918,0.20217110161685808,1.535028242095052,0.332048463740595,0.012154753035579419,2.4,0.0,0.09217651037875293,0.028086466829969268,0.1532537814521686,-0.06212682714183053,0.30963357833431665,-2.4
2019-03-08,1.3603299856185913,0.2026079458325592,1.523342885147727,0.33271289263315423,0.012185624029359575,2.4,0.0,0.26351644044402955,0.2158433782837994,-0.7641593072875431,0.19990004155435848,0.25366090468345803,-2.4
2019-03-11,1.35889995098114,0.20219919725389024,1.5263736887362993,0.3323712714623371,0.012233524744156348,2.4,0.0,-0.10517939288894888,-0.2019473838668943,0.19875975441803126,-0.10273021650602802,0.3923214251252052,-2.4
2019-03-12,1.3569999933242798,0.20176938097880973,1.5278778779445048,0.332028389720758,0.012187673639435983,2.4,0.0,-0.13991369385958072,-0.21279696512734184,0.09849806389408218,-0.10321551681983895,-0.37550293704787885,-2.4
2019-03-13,1.3557000160217283,0.20211401878898744,1.530239075291547,0.33244237204382593,0.012179936562227963,2.4,0.0,-0.09584380120075087,0.17066207426394722,0.15442168186235075,0.12460514456121011,-0.06350296482909155,-2.4
2019-03-14,1.3526099920272827,0.20169845284790053,1.5326504885241832,0.3310352431210171,0.012164196575609678,2.4,0.0,-0.22818845154905493,-0.20582132399502442,0.1574600507543943,-0.42416835184399704,-0.1293123786539426,-2.4
2019-03-15,1.355430006980896,0.20164087806702335,1.5327716461779914,0.3315631277952801,0.012128802152680878,2.4,0.0,0.20826989069553425,-0.028549053789338228,0.00790479409018124,0.15933778563869977,-0.29139628556940267,-2.4
2019-03-18,1.352929949760437,0.20154480165242175,1.5314858570134078,0.33115408838137267,0.012127266571917856,2.4,0.0,-0.1846178477370065,-0.04765864526090923,-0.08392174865906027,-0.12344313860114796,-0.012661415025725953,-2.4
2019-03-19,1.35125994682312,0.20158731118512496,1.531815010814057,0.3315975484835173,0.012132742527306358,2.4,0.0,-0.12351226899634117,0.021089628688488425,0.021490138652262323,0.1338239375536173,0.04514388646025927,-2.4
2019-03-20,1.3511600494384766,0.20133512983918486,1.5342234900699623,0.33165441547827035,0.012128796308775943,2.41,0.0,-0.007393179803805566,-0.12517613971945885,0.1571069476529361,0.017147931097783387,-0.032530653491330844,-2.4
2019-03-21,1.3455699682235718,0.20102335551701275,1.5377064165100336,0.3315436812112287,0.012159496870541879,2.41,0.0,-0.41458278619649797,-0.1549734358377106,0.22675829451870985,-0.03339402468839329,0.2528014454495921,-2.41
2019-03-22,1.3485000133514404,0.20132273862929007,1.5339202762723119,0.3331851010208413,0.01216991874377391,2.41,0.0,0.21751820132211658,0.1488187269053741,-0.24652358726436627,0.49386251646509843,0.08567303082576344,-2.41
2019-03-25,1.3524999618530271,0.20135176385234949,1.5277651579418714,0.33292306753305284,0.012286406792317196,2.4,0.0,0.29618300351087584,0.014416221007699454,-0.40207439692015506,-0.07867596095501504,0.9526282213689526,-2.41
2019-03-26,1.3497200012207031,0.201198504407069,1.5273163133415437,0.33195278069008866,0.012262601223705852,2.4,0.0,-0.20575390982613168,-0.07614425564692083,-0.029383478494836707,-0.2918702895784011,-0.19394328322888332,-2.4
2019-03-27,1.3515100479125977,0.20127630470849958,1.5238068728361895,0.33189508950605817,0.01222488591517745,2.41,0.0,0.1325356908788743,0.03866095499026182,-0.23004263275271586,-0.017380844848891262,-0.3080376368304817,-2.4
2019-03-28,1.3556900024414062,0.2015536233725208,1.5253896287385942,0.33316704792781315,0.012269798431102576,2.41,0.0,0.3088030269435044,0.13768525548847108,0.103814630755238,0.3825086111585999,0.3667127579314022,-2.41
2019-03-29,1.3561400175094604,0.20126445245215777,1.5229485078724139,0.3327542666424709,0.012257563064716521,2.43,0.0,0.033189032415320376,-0.14357397911924863,-0.1601608009742618,-0.12397300677382354,-0.0997691284735295,-2.41
2019-04-01,1.3542200326919556,0.20178808425091677,1.5199561238459152,0.33179468699551823,0.012200729755229067,2.41,0.0,-0.14167749694509585,0.25983317095237335,-0.1966795120637418,-0.2887914603164701,-0.4647373567458417,-2.43
2019-04-02,1.3551499843597412,0.20194471829549737,1.5185455120898155,0.33224230593331855,0.012159155396952582,2.41,0.0,0.0686470802033116,0.07759292851676601,-0.09284917544601672,0.13481749070168372,-0.3413349314401965,-2.41
2019-04-03,1.3555400371551514,0.20164524562000213,1.5187272781326442,0.3315494752517026,0.012178608628889403,2.41,0.0,0.028778856675342336,-0.14840444868983813,0.011969029823774487,-0.20874947622008716,0.15986050369257926,-2.41
2019-04-04,1.3527899980545044,0.20186677974596862,1.5214760703319286,0.3318508569383229,0.01214408221932207,2.41,0.0,-0.20308012760830532,0.10980299683691591,0.1808295454777952,0.09085967936107503,-0.28390306790732284,-2.41
2019-04-05,1.3547199964523315,0.20169728855392738,1.5207903640212805,0.3321694663583937,0.012132762822699763,2.41,0.0,0.1425663232001906,-0.08399717185955914,-0.045078650213983315,0.09596376295824476,-0.09325262341954252,-2.41
2019-04-08,1.354300022125244,0.20162575711539388,1.5194659918230966,0.3317330137054621,0.01212324694867924,2.41,0.0,-0.031005627686179836,-0.035471039927708926,-0.08712240856979565,-0.13148097165268197,-0.07846199435438692,-2.41
2019-04-09,1.3546600341796875,0.20172439318720903,1.5248655429059,0.3309699622875742,0.012154213488741447,2.41,0.0,0.026579355108996484,0.04890841057443924,0.3547285624571796,-0.23028469246157593,0.25510540475101623,-2.41
2019-04-10,1.3526999950408936,0.2015705967385101,1.5240831121360543,0.3306122594064189,0.01217496921083957,2.41,0.0,-0.14479341203803453,-0.07626995623361216,-0.05132462862091891,-0.10813558898104352,0.17062412157332038,-2.41
2019-04-11,1.351580023765564,0.20126574436305913,1.5241092442188633,0.3290036864604988,0.012178042224919375,2.41,0.0,-0.08282953921729945,-0.15135299502172922,0.0017145953899721286,-0.4877311243755937,0.025237241022288345,-2.41
2019-04-12,1.3558000326156616,0.2018009979761125,1.5267330464237006,0.3286469217049211,0.012146459948635675,2.41,0.0,0.31174140163657205,0.26559071809294943,0.17200514492527735,-0.10849675683269946,-0.25967474117431566,-2.41
2019-04-15,1.3528200387954712,0.20181705250579596,1.5293705780114806,0.32899320101179463,0.012075731426692967,2.41,0.0,-0.220037874930355,0.00795530808037904,0.17260751379843903,0.1053096752811857,-0.5839993736825421,-2.41
2019-04-16,1.3522000312805176,0.2015892297654678,1.5286524082233084,0.3287784456811097,0.012079362011881607,2.41,0.0,-0.045841251432467936,-0.11294953725859457,-0.04696954892806109,-0.06529783987962746,0.030060618272602833,-2.41
2019-04-17,1.3544800281524658,0.20182381396246393,1.5285342433675737,0.32796125680878413,0.012094327984066646,2.42,0.0,0.16847188150474648,0.11629977120679198,-0.007730300387907805,-0.24886246133195652,0.12382035262001072,-2.41
2019-04-18,1.352560043334961,0.2022610403894731,1.5280057107488574,0.3272111395503039,0.012072548160909155,2.43,0.0,-0.14185125367544724,0.21640335831912466,-0.034583720934017334,-0.2289832692611393,-0.1802452987587305,-2.42
2019-04-19,1.3555099964141846,0.20207063525094887,1.5230448998477755,0.32627512189791863,0.012103956778095382,2.44,0.0,0.21786395497503325,-0.09418265452359383,-0.32518734729830445,-0.28646915711023563,0.25982775372661765,-2.43
2019-04-22,1.354990005493164,0.2021347343432933,1.5236247683435522,0.3280847380016575,0.012107854178830112,2.44,0.0,-0.038368635088269674,0.03171610161738757,0.038065728545032,0.5530964925826929,0.03219421112553005,-2.44
2019-04-23,1.3559999465942385,0.20213161885666556,1.5267174710747897,0.32832927579175175,0.012114822219819863,2.44,0.0,0.07450718487669725,-0.0015413039463360253,0.20277749499742082,0.07450718487669725,0.057533206217843746,-2.44
2019-04-24,1.356819987297058,0.20176062602242323,1.5229425302712087,0.32888617641575435,0.012127783196019187,2.44,0.0,0.060456701718537356,-0.18370886952378823,-0.24756482558144616,0.1694728130392196,0.10692726472180072,-2.44
2019-04-25,1.362339973449707,0.20270201335263224,1.5194850882827495,0.32986439121058675,0.012149647791132716,2.44,0.0,0.40600728276682757,0.46550110615070683,-0.2272818886942857,0.29699117144614623,0.18012285596941854,-2.44
2019-04-26,1.362280011177063,0.20205574810130808,1.517150668012988,0.32851355205042965,0.012213485805738033,2.44,0.0,-0.004401514559241926,-0.31933460556320337,-0.15375046050794317,-0.4103542864871667,0.5240554171917804,-2.44
2019-04-29,1.361549973487854,0.20234663088828853,1.5181637791834106,0.3296731079321455,0.012201033623879259,2.45,0.0,-0.05360376461082715,0.14385812362072226,0.0667549425714593,0.3523490073170978,-0.10200637349763175,-2.44
2019-04-30,1.3605999946594238,0.2020973214137736,1.521855902253435,0.3293394340050351,0.01218334993654753,2.45,0.0,-0.06979621829152606,-0.12328507061284523,0.24290138040199577,-0.10126482711347233,-0.14504111115208573,-2.45
2019-05-01,1.3596999645233154,0.20192164569365864,1.5250453587186996,0.3289066333426609,0.012206113429673034,2.45,0.0,-0.06617139157107917,-0.08696410094026442,0.2093574656377658,-0.1315011957418081,0.18666667153386557,-2.45
2019-05-02,1.3611600399017334,0.2021324618746257,1.5246138088029113,0.3295467703646597,0.012212970582966309,2.41,0.0,0.10732456033703905,0.10435047987292388,-0.028301517970576874,0.1944366055570771,0.056162249738488185,-2.45
2019-05-03,1.3627699613571167,0.20237454478866043,1.52269911489104,0.3297369602137685,0.012222699921848231,2.4,0.0,0.11820580133087902,0.11969283050647295,-0.12566442710561643,0.05769590407392844,0.07963226868806533,-2.41
2019-05-06,1.365820050239563,0.2028365245811972,1.527780109278524,0.32966932385690007,0.01234661902746411,2.4,0.0,0.22356529488722757,0.22801943363439567,0.33312792600279123,-0.02051431984788345,1.0087390428422962,-2.4
2019-05-07,1.3634699583053589,0.20158938789846265,1.5273381316070809,0.3289353501504963,0.012305130224720285,2.4,0.0,-0.17221273720684696,-0.6167461566730188,-0.028933588796107655,-0.22288758013087215,-0.3365995775105969,-2.4
2019-05-08,1.3626999855041504,0.2011068448791588,1.525006453766423,0.3285356082214461,0.012359305429445007,2.39,0.0,-0.056487514538902835,-0.23965620285691783,-0.15277949320485795,-0.12159988915607567,0.43929885612345204,-2.4
2019-05-09,1.3619799613952637,0.2008227585331668,1.5251905830494366,0.3284016198644257,0.012378485139294628,2.38,0.0,-0.05285201489200059,-0.14136126868369048,0.012073271399509127,-0.04079183007142768,0.1550640801120802,-2.39
2019-05-10,1.3643100261688232,0.19985498254845138,1.5310402753492838,0.32794336501549876,0.012424618066491425,2.38,0.0,0.17093305198802772,-0.48307044163727264,0.38280481510069286,-0.1396384322104485,0.371993617191342,-2.38
2019-05-13,1.363800048828125,0.19987982454215425,1.5324284981543315,0.3281520702029105,0.012437303310215453,2.38,0.0,-0.03738685995939344,0.012429237231371045,0.09063078508113438,0.06362037692940756,0.10204557107727555,-2.38
2019-05-14,1.369979977607727,0.19920317861865805,1.5388365528735903,0.32943298847316704,0.012550891273194099,2.38,0.0,0.45211679409542666,-0.33910067155390017,0.4172915011584697,0.3895830276098778,0.9091392734909239,-2.38
2019-05-15,1.3689199686050415,0.1991185319998807,1.5338039581583442,0.3284356756088883,0.012482059964046797,2.4,0.0,-0.07740399988510202,-0.04250163513313162,-0.32757487882992425,-0.3031953588102771,-0.5499270298664231,-2.38
2019-05-16,1.3682899475097656,0.19901820868548034,1.5334759846618908,0.3280484167485879,0.012498652355160499,2.39,0.0,-0.04603381733292715,-0.050396412223092005,-0.02138529927605818,-0.11797967680501457,0.13284163671328525,-2.4
2019-05-17,1.3724000453948977,0.19939559844974583,1.5334593465196067,0.3295869438231095,0.012491012350382044,2.39,0.0,0.29993184029896797,0.18944618403143168,-0.0010850011811585512,0.46789755346288986,-0.06114531832669644,-2.39
2019-05-20,1.3764300346374512,0.19897221210482766,1.53682879188176,0.32976284261676914,0.012494825607117222,2.39,0.0,0.29321507787252316,-0.21256060008503982,0.219487329068121,0.053355230091848116,0.030523345034653142,-2.39
2019-05-21,1.375300049781799,0.19899295552167034,1.5360130671619598,0.3294842182559601,0.012494776538520054,2.39,0.0,-0.08212905223274,0.01042473992646305,-0.05309252974154433,-0.08452806055136755,-0.0003927121118816857,-2.39
2019-05-22,1.375300049781799,0.19899295552167034,1.5360130671619598,0.3294842182559601,0.012494776538520054,2.38,0.0,0.0,0.0,0.0,0.0,0.0,-2.39
2019-05-23,1.3790099620819092,0.19970023491070404,1.5383524829335613,0.32967796933418003,0.012511317749630076,2.38,0.0,0.26938975843137036,0.35479920297469375,0.15218855305365167,0.05878707469801428,0.13229745782796146,-2.38
2019-05-24,1.3783999681472778,0.19949344291121657,1.5416792301593603,0.32901301249325915,0.012581463563056398,2.38,0.0,-0.04424397967779205,-0.10360485622580719,0.2160204068900368,-0.20190258714807272,0.5590930337550917,-2.38
2019-05-27,1.3744200468063354,0.19921151815403002,1.5406741517227829,0.3284942738513171,0.01256313959230395,2.38,0.0,-0.2891525121370474,-0.1414202639566053,-0.06521500604744636,-0.1577895060155396,-0.1457487627304,-2.38
2019-05-28,1.3748699426651,0.19933740086143453,1.5390048627951105,0.328593937292856,0.012554857673327684,2.39,0.0,0.03272814904962987,0.06317051964493291,-0.10840669324837673,0.030334874561099092,-0.06594410524697485,-2.38
2019-05-29,1.3783999681472778,0.19950499443283942,1.539767553605941,0.3292881057945171,0.012605856269857822,2.39,0.0,0.25642436308740313,0.08404000339288623,0.04954512534729777,0.21103137456749596,0.4053833010143732,-2.39
2019-05-30,1.3805400133132937,0.19969045313875258,1.53755518355392,0.329248763669124,0.012602837410499555,2.39,0.0,0.15513534977925064,0.09291624961368315,-0.14378540193166373,-0.011948344053083397,-0.023950938600606476,-2.39
2019-05-31,1.380010008811951,0.19997537008102967,1.536109447134905,0.32983030683057835,0.012619310883745452,2.4,0.0,-0.03839847158044733,0.14257761058853713,-0.09407249647204673,0.1764714852603386,0.13062706155055032,-2.39
2019-06-03,1.374119997024536,0.19902956340678638,1.5354496163832607,0.3279835783910911,0.012698407039895403,2.38,0.0,-0.42772278393438024,-0.47408358459805017,-0.04296389866834891,-0.561475922768675,0.6248305137389097,-2.4
2019-06-04,1.3663100004196167,0.1979356180041739,1.5365954610226993,0.32694664581164895,0.0126478565082421,2.38,0.0,-0.5699848386298997,-0.5511557300710744,0.07459816921328807,-0.31665463207144695,-0.398880084088937,-2.38
2019-06-05,1.3663899898529053,0.19781824891903427,1.537740434753374,0.3279860840462713,0.012622074173582085,2.38,0.0,0.0058542418557476225,-0.05931418408777809,0.07448592622461776,0.3174185866637675,-0.20405551507696942,-2.38
2019-06-06,1.366219997406006,0.1977707288627806,1.5341305648548202,0.3274343807522588,0.01261188206610602,2.37,0.0,-0.012441764314051088,-0.024024964875765345,-0.23502754905370812,-0.1683509911413754,-0.0807808964515645,-2.38
2019-06-07,1.3643499612808228,0.1974743055579999,1.5385092645453542,0.32903651872199596,0.012579987195822975,2.37,0.0,-0.13697040880399858,-0.14999472961908622,0.285012425649584,0.4881072875929253,-0.2532157260220322,-2.37
2019-06-10,1.3629000186920166,0.1972701473496363,1.5428242256522253,0.32876612193779803,0.012567197946875426,2.37,0.0,-0.10633002006146873,-0.10343817376684825,0.28007120560883436,-0.0822121355902244,-0.10171516197634148,-2.37
2019-06-11,1.3655600547790527,0.1970476705739915,1.545555433875279,0.3282201750996911,0.012602183853345859,2.37,0.0,0.1949844863529082,-0.11284136254519903,0.17687002481262415,-0.1661973670484873,0.2780038801178664,-2.37
2019-06-12,1.3634099960327148,0.19729827695100502,1.5446778850299552,0.3276561546900066,0.012569002786908675,2.37,0.0,-0.15757294152550352,0.12709977740250958,-0.056794991080077586,-0.17198990818859894,-0.2636433961651462,-2.37
2019-06-13,1.366529941558838,0.19756392464223427,1.5435783667533656,0.32872983407283046,0.012596139247000244,2.37,0.0,0.2285725661226549,0.1345521198207178,-0.07120641769364193,0.3271490735043692,0.21566713649513736,-2.37
2019-06-14,1.3664599657058716,0.19744248127838213,1.541427466822171,0.32846805875317875,0.012614912865328202,2.36,0.0,-0.005120827764174789,-0.061489315544402325,-0.13944221798903733,-0.07966408180964268,0.14893168055345127,-2.37
2019-06-17,1.3707000017166138,0.19794931099457921,1.5375211211386386,0.32909964328229746,0.0126243373045405,2.38,0.0,0.309813050948746,0.2563684950957175,-0.25374556722271346,0.19209724607306722,0.07468082123586686,-2.36
2019-06-18,1.3702000379562378,0.1978656770620733,1.5379952351321435,0.3281130266175838,0.01262403393677849,2.37,0.0,-0.036481721966101,-0.04225910401279005,0.03083150549947931,-0.3002429658044853,-0.0024030679771405578,-2.38
2019-06-19,1.366569995880127,0.19798763012971451,1.5303135514210453,0.3283366687456665,0.012586646960693927,2.37,0.0,-0.2652794469424672,0.0616152848966199,-0.5007123007888886,0.06813686968394662,-0.29659653893696797,-2.37
2019-06-20,1.3622000217437744,0.19734307330935297,1.5309058798777926,0.3265805126099309,0.012599547228962784,2.37,0.0,-0.32028920311467574,-0.3260851666180322,0.03869885693808367,-0.5362999765185597,0.10243921173497914,-2.37
2019-06-21,1.3558800220489502,0.1979098022576928,1.5315486373905571,0.3270727203377509,0.012639056057206697,2.38,0.0,-0.46503494985841476,0.28676797652919755,0.041976624865975434,0.15060212236136328,0.3130827809156928,-2.37
2019-06-24,1.3536900281906128,0.19707523231138468,1.541138786499019,0.3274211648394867,0.012614526547324898,2.38,0.0,-0.16164884425270484,-0.422583700760443,0.6242210108351779,0.10647755236462264,-0.19426564523760953,-2.38
2019-06-25,1.3531299829483032,0.19678741881109083,1.5426084876203703,0.3270799989119307,0.012607544598158956,2.38,0.0,-0.04138030958810811,-0.146149197291711,0.09531917514536982,-0.10425220835370186,-0.055363806596281796,-2.38
2019-06-26,1.354509949684143,0.19691079350464988,1.5400734053011433,0.3282466756599165,0.012639362718170597,2.38,0.0,0.10193134165961575,0.06267475631750281,-0.164472558555177,0.35605997003835316,0.2520557188139713,-2.38
2019-06-27,1.354159951210022,0.1968513296139789,1.5403234319560681,0.32742395399451724,0.012569009673946027,2.38,0.0,-0.025842829792835233,-0.030202951290526844,0.016233405543710347,-0.2509559098649308,-0.5581734971913914,-2.38
2019-06-28,1.3530000448226929,0.1970264146032956,1.5387590673712026,0.3268116155692635,0.012557194391761017,2.4,0.0,-0.0856917551977882,0.0889032210726096,-0.10161239393935119,-0.18719208570982304,-0.09404749738551611,-2.38
2019-07-01,1.3518099784851074,0.19689038384634755,1.5363223729390825,0.3277830096781485,0.012472642424815814,2.39,0.0,-0.08799630318749935,-0.0690657331145724,-0.15848002658900104,0.29679278884064986,-0.6756119840509648,-2.4
2019-07-02,1.355299949645996,0.1978309018290242,1.529787502529416,0.328104174376921,0.012506690135589565,2.4,0.0,0.25783756012803305,0.47654879365689573,-0.426265239673431,0.0979329165895918,0.2726072186019384,-2.39
2019-07-03,1.3552000522613523,0.19720605491579055,1.5304348481044199,0.3273430183493624,0.012570845957284306,2.41,0.0,-0.007371140720800784,-0.316348849731453,0.04230709474593143,-0.23225558921050274,0.511660806085394,-2.4
2019-07-04,1.3558000326156616,0.19705823239245052,1.530420981912428,0.32787600526895216,0.012579445356343389,2.41,0.0,0.044262659190012335,-0.07498651794000859,-0.0009060336560786583,0.162689732115944,0.06838409374241333,-2.41
2019-07-05,1.3553800582885742,0.19727243824266366,1.5296534985888002,0.32817918177516886,0.012572166028218174,2.42,0.0,-0.030980924642782754,0.1086427646814829,-0.050161088863067416,0.09242409290727979,-0.05788359415356737,-2.41
2019-07-08,1.3595000505447388,0.19724052444753762,1.5263618866253807,0.328937837992812,0.012532957785127821,2.41,0.0,0.30351214446093494,-0.01617883223812757,-0.2154186299089978,0.2309045518217436,-0.3123527711677307,-2.42
2019-07-09,1.3594000339508057,0.19756137314744754,1.5247089552918567,0.32891363847758687,0.012503564403896935,2.41,0.0,-0.007357136405897842,0.16253658986932693,-0.10835090896781768,-0.007357136405897842,-0.23480413544266532,-2.41
2019-07-10,1.361600041389465,0.19766851804522997,1.5261152752340335,0.3289445278922617,0.012500459002372153,2.41,0.0,0.1617058329394055,0.05421902684733038,0.092192793522094,0.00939090408134305,-0.024839214795882945,-2.41
2019-07-11,1.357300043106079,0.19750589923097675,1.5281640958929188,0.3286361389730838,0.012528846416584633,2.4,0.0,-0.31630451541618215,-0.08230230314678999,0.13416067865704512,-0.09379501476427157,0.22683351302986232,-2.41
2019-07-12,1.3574299812316897,0.19761106618694183,1.527433336322588,0.32987364683688347,0.012500736851926876,2.38,0.0,0.00957282120467132,0.053233329698878604,-0.04783088089799496,0.37585145954201404,-0.2246108229125314,-2.4
2019-07-15,1.357699990272522,0.19734585617147118,1.5304063987040593,0.3303084673625723,0.012590881937186407,2.4,0.0,0.01988921668990162,-0.1342982185237241,0.19445514323379406,0.1317274670767368,0.718530548831174,-2.38
2019-07-16,1.356160044670105,0.19720513690805755,1.527276025648234,0.33070621154578933,0.012569956579793254,2.41,0.0,-0.1134874863013729,-0.07133134720153188,-0.2047546942451954,0.12034353968564944,-0.16633278897661527,-2.4
2019-07-17,1.3575999736785889,0.19746047261759833,1.522177942804461,0.3306944657711688,0.012547019148264213,2.41,0.0,0.1061205953275453,0.12939346069330188,-0.3343606852966023,-0.0035517879024285466,-0.18264490242638856,-2.41
2019-07-18,1.360100030899048,0.19789606215256933,1.5273442151632823,0.33099707371370535,0.01260086972499346,2.41,0.0,0.18398336251021194,0.2203528576938834,0.33882536566166777,0.09146496383151019,0.42827180690806177,-2.41
2019-07-19,1.3567500114440918,0.19722784111869543,1.5279061442745385,0.3305035103302711,0.012632563934298596,2.41,0.0,-0.24661067784807494,-0.3382339895872302,0.0367844890914768,-0.14922540869329398,0.25120818989928406,-2.41
2019-07-22,1.360360026359558,0.19769513467560473,1.526093805277256,0.3310603468073401,0.012618125008492043,2.4,0.0,0.26572475824840835,0.2366505894236105,-0.11868626325901009,0.1683394890936198,-0.11436462120317746,-2.41
2019-07-23,1.3609000444412231,0.19780237049779206,1.525040143819325,0.33107896634739475,0.012612137204448811,2.4,0.0,0.039688826110243304,0.054228319224531925,-0.06906687922553695,0.005624055146602448,-0.04746525505850572,-2.4
2019-07-24,1.3656799793243408,0.1985490515978651,1.5229046202030927,0.3318381698907486,0.01261807922637411,2.4,0.0,0.3506179711005325,0.37677774912865736,-0.14012878388638036,0.22904940414830863,0.04710242618370346,-2.4
2019-07-25,1.3641400337219238,0.1985214335578443,1.5199840131207907,0.3313834729962935,0.012608860383332126,2.4,0.0,-0.11282397802128079,-0.013910900506501091,-0.19196285708129773,-0.13711765005627563,-0.07308729156198628,-2.4
2019-07-26,1.3673499822616575,0.19898567323512448,1.524070054619926,0.33244590570426164,0.012583052451121842,2.4,0.0,0.23503289403285177,0.23357564200074252,0.2684606687170084,0.3200923758994941,-0.20489068383488293,-2.4
2019-07-29,1.3690999746322632,0.19904916458521538,1.5241011178026298,0.3325479573429388,0.012602983751376964,2.4,0.0,0.127902401778984,0.031902408832887606,0.0020381521212437014,0.030692505645293064,0.15827265755968242,-2.4
2019-07-30,1.3697999715805054,0.19874064385886384,1.5263756370484316,0.3326048803791077,0.012582440848118237,2.39,0.0,0.05111519056774173,-0.1551174925372683,0.1491255203763909,0.017115776429003176,-0.16313330540356433,-2.4
2019-07-31,1.370270013809204,0.1990629855064673,1.5289437193565334,0.3323881219717659,0.012622004554923391,2.4,0.0,0.03430877574775092,0.16206072260663626,0.16810569458091873,-0.06519118674997972,0.3139425499546237,-2.39
2019-08-01,1.3744499683380127,0.19967602865595016,1.5217559780817564,0.33375826542023523,0.012630490463081534,2.14,0.0,0.3045817269120651,0.3074911712873739,-0.4712200667292884,0.41136465093613095,0.06720847561015662,-2.4
2019-08-02,1.3767000436782837,0.19958538228441208,1.5252266450678604,0.3324960803882598,0.012814737336587034,2.14,0.0,0.16357347524781832,-0.04540702938560139,0.2278101923342697,-0.3788902991439203,1.4482094256397995,-2.14
2019-08-05,1.3767000436782837,0.19839463607667024,1.5292418932793197,0.33139955181302455,0.012917421195366026,2.13,0.0,0.0,-0.5983967566094908,0.2629099284466267,-0.3303319133767184,0.7981017504016006,-2.14
2019-08-06,1.385210037231445,0.1964920606275904,1.557500799953459,0.3316676856471039,0.013118388593992926,2.13,0.0,0.6162416758473802,-0.9636132019198514,1.831036727546211,0.08087682019160683,1.543807484280937,-2.13
2019-08-07,1.3804700374603271,0.19649140941773754,1.547091785962408,0.32944420243941075,0.012982029431037302,2.12,0.0,-0.34277315409561715,-0.0003314184450394395,-0.6705583876969926,-0.6726521278515302,-1.044890571940404,-2.13
2019-08-08,1.3825000524520874,0.19584649925162148,1.549002269565065,0.3288534856580789,0.013027581947277442,2.12,0.0,0.1469444323302919,-0.32875270663668005,0.1234125198314672,-0.1794680280865621,0.35027484380407026,-2.12
2019-08-09,1.382259964942932,0.19622389014854696,1.5463596365937347,0.33047863957422335,0.013055707329195247,2.12,0.0,-0.01736769254824183,0.19251186709423712,-0.1707479573305417,0.4929707336131888,0.21565832836700338,-2.12
2019-08-12,1.3876399993896484,0.19650782201329878,1.5553362475277484,0.33181251703193393,0.013167713172654305,2.12,0.0,0.38846465804546493,0.14459332181627516,0.5788211566580419,0.4028075108543253,0.8542480152520541,-2.12
2019-08-13,1.3871999979019165,0.19656521095476823,1.5562037125892374,0.33033290828202816,0.013166536716723087,2.12,0.0,-0.03171364776702169,0.02920014199086028,0.05575792662682593,-0.4469142747359677,-0.008934797360416443,-2.12
2019-08-14,1.3827999830245972,0.1966019684048867,1.5455632619903952,0.3304181605570552,0.012973074683679666,2.12,0.0,-0.317690874245721,0.01869812749142795,-0.6860923096537892,0.02580465761481192,-1.480248214700783,-2.12
2019-08-15,1.3890999555587769,0.1977788798104899,1.5479161587450108,0.3317253625214989,0.013115109622303337,2.13,0.0,0.4545606639164413,0.5968418114570143,0.15211979058723868,0.3948399756668076,1.0888940400525704,-2.12
2019-08-16,1.3889100551605225,0.19773775939221186,1.5435763657114023,0.33152168593326353,0.01309267321590813,2.13,0.0,-0.0136716856899272,-0.020793268525480024,-0.2807573267582794,-0.06141801764891076,-0.17121945808957945,-2.13
2019-08-19,1.3848999738693235,0.19666566449540843,1.5363877715972334,0.33170463551153806,0.013012308276785513,2.13,0.0,-0.28913905732309475,-0.5436552892030276,-0.46679810848466774,0.05516957846797002,-0.6157077186858354,-2.13
2019-08-20,1.3872599601745603,0.19678004710608443,1.5375220025174483,0.33258055887073534,0.013016870838558344,2.13,0.0,0.1702633997685779,0.05814403894905298,0.07379728456845032,0.2637192200757914,0.03505728551285682,-2.13
2019-08-21,1.3847999572753906,0.19615841995577996,1.5368224074190948,0.3314425028397837,0.013030467755374078,2.12,0.0,-0.17748559686304657,-0.31639949813920126,-0.045511824125369534,-0.34277639162865814,0.104401591753549,-2.13
2019-08-22,1.3836400508880615,0.19591641332891677,1.5345644791845245,0.3316093484993258,0.012980103092053023,2.12,0.0,-0.08379494963075083,-0.12344921788015717,-0.14702990698961194,0.05032658086290675,-0.3872635211351594,-2.12
2019-08-23,1.3859299421310425,0.19567819984221899,1.5361670431670549,0.33111859878040595,0.013017337715928385,2.12,0.0,0.16536081561733557,-0.12166332634266028,0.10437670088433337,-0.14809992867612465,0.286448574768684,-2.12
2019-08-26,1.3905999660491943,0.19599718212417755,1.5495531852061504,0.33188542889225725,0.013262503346209799,2.12,0.0,0.33639315810995624,0.16288098112236077,0.8676240890838026,0.23131999860652952,1.865861687712426,-2.12
2019-08-27,1.38864004611969,0.19420724180551382,1.5419054622435908,0.3307545825329543,0.013103097696754704,2.12,0.0,-0.14104001423532136,-0.9174436597116262,-0.49476570354756433,-0.3413157785931131,-1.2092088591488888,-2.12
2019-08-28,1.389009952545166,0.19395788300117509,1.5404176221522903,0.33071667038675356,0.01313633666397509,2.12,0.0,0.02663448799096182,-0.12848080505169646,-0.0965401851861885,-0.011462976229101432,0.25335138359047193,-2.12
2019-08-29,1.388350009918213,0.19403099558089457,1.53910531983189,0.3296177694979081,0.0130889979627855,2.12,0.0,-0.047523018139004634,0.0376879774760877,-0.08522764236917918,-0.33283192179987114,-0.3610154324276498,-2.12
2019-08-30,1.3876800537109375,0.19425500535170212,1.5350443686875226,0.3291851723151878,0.013037449102368124,2.13,0.0,-0.04826721648729359,0.11538391552741765,-0.2642001150243605,-0.13132826751052823,-0.3946110788133132,-2.12
2019-09-02,1.3889000415802002,0.19409701377214852,1.5266496341578486,0.33045444180102174,0.013087027581288229,2.13,0.0,0.08787702179681964,-0.08136514321531121,-0.5483732573270109,0.3848377281055418,0.379556222623054,-2.13
2019-09-03,1.3914999961853027,0.19404546024893013,1.5262696430564802,0.32980967426431046,0.013103500096882452,2.13,0.0,0.18702023648399202,-0.026564226783778434,-0.02489362271494856,-0.19530600739172066,0.12578988838017136,-2.13
2019-09-04,1.3902000188827517,0.19367512176851984,1.5256805045648465,0.33047283358850726,0.013132315187663245,2.13,0.0,-0.09346639753728025,-0.19103375482882679,-0.03860734746342392,0.20087145707888698,0.21966233604490834,-2.13
2019-09-05,1.3837000131607056,0.19365719031996093,1.526908852651843,0.3301992805055464,0.013013873057849934,2.13,0.0,-0.4686555062563855,-0.009258947943191834,0.08047909558432294,-0.08281054785204153,-0.9060054099618473,-2.13
2019-09-06,1.3845000267028809,0.19369868056392697,1.5279771760956464,0.3305006078988259,0.01293055182358507,2.12,0.0,0.057800271145694596,0.021422287484655373,0.06994195379474787,0.09121461028228627,-0.6423077104486737,-2.13
2019-09-09,1.3813899755477903,0.1941599795504298,1.522377381168013,0.33063427103319243,0.012916826214312898,2.13,0.0,-0.2248862003395418,0.23786974558052823,-0.3671573984700446,0.04043445307363776,-0.10620505137656809,-2.12
2019-09-10,1.380329966545105,0.19383662305731428,1.5250411829660209,0.3315869177450142,0.012859778011745787,2.13,0.0,-0.07676441326163623,-0.1666801027665338,0.17482353804712555,0.287712741640236,-0.44263623874364577,-2.13
2019-09-11,1.3799099922180176,0.19403377265172603,1.5248466271857521,0.33139048531235066,0.012824442488722712,2.13,0.0,-0.030430276831177126,0.10165746784032587,-0.012758225393409784,-0.059257657200898796,-0.2751537296300147,-2.13
2019-09-12,1.3777799606323242,0.19362263965335458,1.5174121419825044,0.32992814214953753,0.012754741329413531,2.13,0.0,-0.15447944081474055,-0.21211213820647307,-0.4887486940872022,-0.44225143086548235,-0.5449847995145316,-2.13
2019-09-13,1.3754500150680542,0.1943165106277545,1.5210107117326999,0.33023216316986853,0.012714927370670884,2.14,0.0,-0.1692518344660075,0.3577219333617381,0.236871008810564,0.09210521728555082,-0.3126384692386064,-2.13
2019-09-16,1.373810052871704,0.19408482519530323,1.5226489958156435,0.3297671841940954,0.01274820266925801,2.25,0.0,-0.11930209222382061,-0.11930209222382061,0.10765226067146916,-0.14090288257391853,0.2613607791089106,-2.14
2019-09-17,1.375540018081665,0.1946592335745613,1.5139116427467059,0.33053947510443665,0.012717522753068571,2.3,0.0,0.1258454102699308,0.2955202963678031,-0.575478524701816,0.23391896829087522,-0.2409507722549254,-2.25
2019-09-18,1.3737399578094482,0.1937328080496574,1.5213740385275687,0.3282532799503588,0.012709576391319683,2.25,0.0,-0.13094777870716803,-0.4770578089226987,0.49171060650643317,-0.6940587351731441,-0.06250309531937376,-2.3
2019-09-19,1.3763099908828735,0.19425687840120842,1.518268012839741,0.3290639637875088,0.012693658770070568,1.9,0.0,0.1869081558202818,0.27014670161143156,-0.20436792993367334,0.24666453098950766,-0.12531965500621245,-2.25
2019-09-20,1.3786699771881104,0.19429927733863636,1.5232239271516617,0.32925033067031984,0.012760618399635623,1.9,0.0,0.1713251573402889,0.02182384037410589,0.3258873471171494,0.05661942611873152,0.5261181338779731,-1.9
2019-09-23,1.3765599727630615,0.19413871464995516,1.5168371519752666,0.3299125053840599,0.012787128593057358,1.9,0.0,-0.15316361072338347,-0.08267095450880438,-0.42017475350201994,0.20091391694667973,0.20753456611575324,-1.9
2019-09-24,1.377369999885559,0.19351607379238625,1.5142423802679303,0.32990109206231877,0.012799171299243073,1.9,0.0,0.05882699661229369,-0.3212349809993964,-0.17121110241927903,-0.003459559422982539,0.0941340258316474,-1.9
2019-09-25,1.3755899667739868,0.19332302325012557,1.515467553336407,0.32963263965263595,0.012836426200455088,1.9,0.0,-0.12931778022154666,-0.0998092280551951,0.0808772563783159,-0.08140673072480331,0.2906499638956568,-1.9
2019-09-26,1.3783299922943115,0.19329248284665398,1.5096714752114337,0.32903555732119744,0.012798814908334908,1.85,0.0,0.19899099938991355,-0.01579885082388556,-0.38319463420701416,-0.18129993150750148,-0.2934344869069519,-1.9
2019-09-27,1.381790041923523,0.19375596790302038,1.5092952446259744,0.3301768365152672,0.012823323844499572,1.83,0.0,0.2507174614715245,0.239497291365189,-0.024924460739159587,0.3462557272897632,0.1913106776625571,-1.85
2019-09-30,1.38100004196167,0.19391165891566917,1.511188878915732,0.3295549728240925,0.01279367115206232,1.9,0.0,-0.05718856369088464,0.08032190992934944,0.12538616065493272,-0.18852020367851635,-0.23150807255189917,-1.83
2019-10-01,1.3821899890899658,0.1933808998549241,1.5065396805162834,0.33030397885443763,0.012789884110775852,1.88,0.0,0.08612851005421332,-0.2740870595094568,-0.308125928905638,0.22702013820568562,-0.02960527788435072,-1.9
2019-10-02,1.385040044784546,0.1937823633361229,1.51453256325766,0.33055847872788496,0.012855751051744229,1.85,0.0,0.2059862510475729,0.2073872514552708,0.5291433468638465,0.07702053070452403,0.513670925911051,-1.88
2019-10-03,1.3839600086212158,0.19362582894117816,1.517333529263681,0.3306953470833346,0.012914531905688345,1.83,0.0,-0.07800911500685864,-0.08081109619454313,0.18476850345011453,0.04139661717231933,0.4561917770350474,-1.85
2019-10-04,1.3802800178527832,0.19311367757762588,1.5149100915679128,0.32985540593374785,0.01292082512105324,1.82,0.0,-0.2662571200206862,-0.2648561392407306,-0.15984455834056138,-0.25431553849671223,0.048717851917829555,-1.83
2019-10-07,1.3794000148773191,0.19299326100740372,1.5154911162987614,0.3298421716955767,0.012920085568786282,1.82,0.0,-0.06377572724768249,-0.06237472683995863,0.03834639033670569,-0.0040122136632512895,-0.005723887025789267,-1.82
2019-10-08,1.3809000253677368,0.19320312900288636,1.515141500769488,0.32957040728151954,0.01287540472760541,1.82,0.0,0.1086846079196487,0.1086846079196487,-0.02307211562730584,-0.08242621936795341,-0.34642400940544354,-1.82
2019-10-09,1.3825299739837646,0.1935367820783719,1.5152674589629955,0.32988069172449164,0.012925552237896796,1.82,0.0,0.11796563006325651,0.1725465351289421,0.008312950182875827,0.09410385890253113,0.38872646085140133,-1.82
2019-10-10,1.38155996799469,0.19372913411203674,1.51803100541585,0.32933490142088373,0.012890331503658696,1.82,0.0,-0.07018628548679615,0.09933848626545404,0.18221399904648639,-0.16558783924202025,-0.2728611303270792,-1.82
2019-10-11,1.375,0.19324011034503094,1.5140170454978943,0.32843663589995453,0.012745643631877605,1.82,0.0,-0.4759541206835544,-0.2527456816456213,-0.26476904029642745,-0.2731240342156338,-1.1287997226040873,-1.82
2019-10-14,1.3717999458312988,0.19356020910000554,1.513095892333581,0.3281818187003449,0.012648096981008218,1.82,0.0,-0.2330024522768242,0.16551114978753242,-0.060860180089991556,-0.07761500171564936,-0.7682769715825256,-1.82
2019-10-15,1.3689600229263306,0.1937225897576839,1.5098268638932524,0.32707202855440476,0.012630180617404606,1.9,0.0,-0.20723623766563878,0.08385637971665612,-0.21628271565474047,-0.33873626587764055,-0.14175306473271598,-1.82
2019-10-16,1.3711299896240234,0.1936405460811714,1.5130045249406974,0.32731676943689053,0.012600328741875229,1.9,0.0,0.15838655966707602,-0.04236008548496903,0.21024409298446567,0.07479984212692051,-0.2366332683498034,-1.9
2019-10-17,1.3707300424575806,0.1932592724312194,1.5180743125861653,0.32729163293704866,0.012612880534271726,1.85,0.0,-0.02917341983907477,-0.19709173027783264,0.3345206538641218,-0.007679858603419798,0.09956521834193607,-1.9
2019-10-18,1.364709973335266,0.19285371252279096,1.5185378212079,0.3267201241032333,0.012568588954104534,1.85,0.0,-0.44015433032694484,-0.21007325491733828,0.030528009828843013,-0.1747702462942876,-0.35177951678226466,-1.85
2019-10-21,1.3634999990463257,0.19256570880359106,1.5210843383163706,0.3259622210009659,0.012577485380477073,1.85,0.0,-0.08870097100455523,-0.14944953827903093,0.16755488482426534,-0.23224266708262842,0.07075797697364637,-1.85
2019-10-22,1.3611799478530884,0.1926298011924472,1.5179543470856771,0.3256411492232288,0.012533770166601685,1.85,0.0,-0.17029902954954088,0.03327784866872203,-0.2059856857001285,-0.09854823298761728,-0.3481726188847342,-1.85
2019-10-23,1.3624000549316406,0.19253272283370196,1.5162543499991443,0.32546586171630854,0.012558650050875288,1.85,0.0,0.08959583775206233,-0.05040903761152989,-0.11205539461067417,-0.0538429192774511,0.19830603992258408,-1.85
2019-10-24,1.361799955368042,0.19276391545633842,1.51600823912662,0.3254157683050974,0.01253474693755388,1.85,0.0,-0.04405693936101627,0.12000761356711588,-0.016232820597215415,-0.015392479676652865,-0.19051322993202677,-1.85
2019-10-25,1.3636399507522583,0.19292878644366007,1.5141797341100443,0.32603466540680565,0.012555843282141472,1.83,0.0,0.13502375595454458,0.08549344934537256,-0.12068592804551259,0.1900059485349946,0.16816144518142503,-1.85
2019-10-28,1.3631399869918823,0.1929508631017667,1.5109400939307844,0.32583722908986046,0.012536464881764174,1.83,0.0,-0.03667063550367214,0.01144225053418919,-0.21418268378640215,-0.06057519112243093,-0.15445692842040923,-1.83
2019-10-29,1.36217999458313,0.19275496153501775,1.511903870933708,0.3257946544877847,0.01250119336199806,1.82,0.0,-0.07044988881654486,-0.10158082719066774,0.06376624442300789,-0.013067071519755094,-0.2817479394868557,-1.83
2019-10-30,1.3619999885559082,0.19278404559235252,1.513838017141552,0.3257905406808029,0.012509873630839588,1.82,0.0,-0.013215428392979907,0.01508747849232372,0.12784609810291486,-0.0012627073212846795,0.06941142648988985,-1.82
2019-10-31,1.360700011253357,0.19288671149655176,1.5177914011595703,0.3259083759040702,0.012507698323649754,1.58,0.0,-0.09549178399576773,0.05324018206579569,0.2608093347499718,0.036162473667723766,-0.01739023434627167,-1.82
2019-11-01,1.360610008239746,0.19331789765365248,1.5180465439889304,0.3257931643636417,0.012598707179497758,1.57,0.0,-0.006614682854872136,0.2232942466473727,0.016808725272595092,-0.03535714878973436,0.7249883258768733,-1.58
2019-11-04,1.3566999435424805,0.1928116613808246,1.5149686759056067,0.3259730622533682,0.012536499059685242,1.56,0.0,-0.287789576112923,-0.26221072747901175,-0.2029577114984458,0.055203196160911246,-0.49498895084474787,-1.57
2019-11-05,1.357800006866455,0.1931601604154739,1.5110339834571391,0.3273700332530557,0.01249194991275197,1.56,0.0,0.08105090471860246,0.1805826797056539,-0.26005890337477106,0.427638445471121,-0.35598845161447795,-1.56
2019-11-06,1.3582199811935425,0.19378780610481913,1.5041196038119153,0.3290261755659525,0.012444065150005401,1.55,0.0,0.030925717209811687,0.3244085996572384,-0.4586427567025921,0.5046177308659275,-0.38406153898847556,-1.56
2019-11-07,1.3603500127792358,0.1944134811647551,1.5059614564626997,0.3290240667537418,0.012490244393432218,1.55,0.0,0.1567023859076483,0.3223459695886201,0.1223789555015544,-0.0006409274171065561,0.37040765973752093,-1.55
2019-11-08,1.3573299646377563,0.1944134811647551,1.4957365196313506,0.3290240667537418,0.012421343950629073,1.55,0.0,-0.2222520245007899,0.0,-0.6812794932236534,0.0,-0.553161183785497,-1.55
2019-11-11,1.359910011291504,0.19441172745391858,1.4989530012434216,0.3292361854595888,0.012450424231671637,1.55,0.0,0.18990206621181896,-0.0009020561412518122,0.214812442258529,0.06444828241592991,0.2338417926768109,-1.55
2019-11-12,1.3603299856185913,0.19406670196324577,1.5011862596068681,0.3285027899753878,0.012475284641724146,1.55,0.0,0.03087774100088054,-0.17762920937954912,0.14887700748285873,-0.22300511769282388,0.19947611859086659,-1.55
2019-11-13,1.362429976463318,0.19444396050856372,1.5003578926398546,0.32908937690857254,0.01250016077882224,1.55,0.0,0.15425460124091384,0.19420762431175387,-0.055196055498590975,0.17840452435666102,0.19920481821613878,-1.55
2019-11-14,1.362190008163452,0.19397231430266995,1.5002092493615748,0.328159479800645,0.012520359305518768,1.55,0.0,-0.017614808805681795,-0.24285616658756357,-0.009907678873155844,-0.28296670854884504,0.1614557252705051,-1.55
2019-11-15,1.3616600036621094,0.19397418267648844,1.5006171722525323,0.32732212827103424,0.012550787562789802,1.55,0.0,-0.038915836461654765,0.0009632121094370351,0.027187370154565047,-0.25549213732084675,0.242735383197717,-1.55
2019-11-18,1.3601200580596924,0.19410044916859204,1.5036261583694852,0.32770030521945137,0.012512719430464305,1.55,0.0,-0.11315725237271577,0.0650733061107046,0.2003158061431109,0.11546993541013305,-0.30377362281845194,-1.55
2019-11-19,1.3600000143051147,0.1935943054580104,1.5058406892857903,0.32747412816758575,0.01251587475125585,1.55,0.0,-0.008826357032918732,-0.2611043828148108,0.14717100590360624,-0.06904331100991912,0.02521372782948343,-1.55
2019-11-20,1.361240029335022,0.19372118164517638,1.5082541692992066,0.3276070545415152,0.012552354033525717,1.55,0.0,0.09113603326781941,0.06551568213973856,0.16014628885085253,0.04058317633368719,0.29104017146702166,-1.55
2019-11-21,1.3620100021362305,0.19360483748087906,1.5089517543391366,0.3271703019915138,0.012555633787363836,1.55,0.0,0.056548081360741596,-0.0600755756398408,0.04624046684348162,-0.13340492319023062,0.026125182791785516,-1.55
2019-11-22,1.3624000549316406,0.1938476460465572,1.5076132864373903,0.32694987156178307,0.012546853307718634,1.55,0.0,0.028633927338739512,0.12533593552086947,-0.08874119878010489,-0.06739753549486219,-0.06995705222387194,-1.55
2019-11-25,1.3641899824142456,0.19382378914913126,1.503686999873537,0.3271438746894841,0.01254658273058218,1.55,0.0,0.1312942331053984,-0.012307792264340152,-0.26077032613688395,0.0593196722952215,-0.002156557085690124,-1.55
2019-11-26,1.3648099899291992,0.19398905270543323,1.5032603184080244,0.3268223063411462,0.012522111993875876,1.55,0.0,0.045438441326830746,0.08522851668113034,-0.028379710265098695,-0.0983440378364338,-0.1952295063440757,-1.55
2019-11-27,1.3645000457763672,0.19402774070174295,1.5040287691672347,0.3272574857832304,0.012507218752574378,1.55,0.0,-0.022712271607809406,0.019941403101747354,0.051105879984106185,0.13306618291440134,-0.1190063227026005,-1.55
2019-11-28,1.3657900094985962,0.19433827557955907,1.503031862293085,0.3275668667068844,0.01248813673133588,1.55,0.0,0.09449280421468677,0.1599187009047265,-0.06630441037618537,0.09449280421466459,-0.15268456540155503,-1.55
2019-11-29,1.3655600547790527,0.1941260174918924,1.5037221537366463,0.3273154547588738,0.012469501441309877,1.56,0.0,-0.016838172674695666,-0.10928062762839565,0.045916057782504245,-0.076780805381678,-0.14933539271876872,-1.55
2019-12-02,1.3673900365829468,0.19446633908680003,1.5067327612080985,0.32751855667394963,0.012483589636798065,1.56,0.0,0.13391990458786587,0.17515613786739825,0.2000102017900929,0.062031573816429965,0.11291744931320927,-1.56
2019-12-03,1.3662999868392944,0.1941235780774011,1.513738120530448,0.32715560923901527,0.012532332438075116,1.55,0.0,-0.07974933456866767,-0.17641275964842837,0.46385958730089694,-0.11087881300846486,0.3896947137584086,-1.56
2019-12-04,1.3634999990463257,0.19312483465667651,1.5114732377686266,0.3267433609307752,0.012549124281687586,1.55,0.0,-0.20514241258611257,-0.5158165158681518,-0.14973388082576494,-0.12608931399625387,0.13389849169369092,-1.55
2019-12-05,1.3623000383377075,0.19326419919615034,1.509841802040384,0.3264166810626128,0.012517458368583203,1.55,0.0,-0.088044667229943,0.07213690519508746,-0.10799508593495383,-0.10003058190926255,-0.252654543229537,-1.55
2019-12-06,1.3605200052261353,0.19315142805751914,1.510916634078768,0.32649869570670315,0.012511909527565923,1.55,0.0,-0.13074924796193738,-0.05836779564752619,0.07116306096453189,0.02512259549699411,-0.04433864355829275,-1.55
2019-12-09,1.3605400323867798,0.19341513175572986,1.5046060430011607,0.3272102055996141,0.012524879138216307,1.55,0.0,0.0014720116695674302,0.13643380805796643,-0.4185410600824158,0.21768410142640415,0.10360443572564053,-1.55
2019-12-10,1.3594000339508057,0.19314598234777028,1.504175367490177,0.3268574321074563,0.01251957069110164,1.55,0.0,-0.08382526636055533,-0.13925324696827637,-0.028627903138679953,-0.1078706561914524,-0.04239220450313984,-1.55
2019-12-11,1.358299970626831,0.19312413596865985,1.5067276916116157,0.326514427992543,0.012488506963600723,1.55,0.0,-0.08095546838882642,-0.01131145180422019,0.16953881826764036,-0.10499507780190782,-0.24842967865214763,-1.55
2019-12-12,1.356600046157837,0.19275911192752845,1.5106904262996181,0.32594905999956225,0.012497581747902952,1.55,0.0,-0.1252292666869128,-0.18918890726525414,0.26265746484962227,-0.1733026122953901,0.07263869752506305,-1.55
2019-12-13,1.3515000343322754,0.1925350918058458,1.5117956864426674,0.3250673605899862,0.012352279980009736,1.55,0.0,-0.3766491417034752,-0.11628524112523879,0.07313583262832635,-0.27086872796919403,-1.1694505623726972,-1.55
2019-12-16,1.3546299934387207,0.19429854072878341,1.506952812122222,0.32783881980725255,0.012382358085418115,1.56,0.0,0.2313237331571815,0.9117413743225478,-0.3208533918876949,0.8489660371978872,0.2432064714645299,-1.55
2019-12-17,1.355299949645996,0.1941245541091622,1.5093940431921737,0.3273671481531947,0.012368584308481659,1.55,0.0,0.04944454174056447,-0.08958614128242595,0.16186676931202434,-0.14397662982359632,-0.1112990215815216,-1.56
2019-12-18,1.3552900552749634,0.1937180239086511,1.5113355147012726,0.3274438451946242,0.012375270002795641,1.55,0.0,-0.0007300529416004646,-0.20963678174391923,0.12854323693796388,0.023425703770846483,0.054039232470222985,-1.55
2019-12-19,1.35479998588562,0.19343231720862636,1.5059858685955303,0.32748367377377235,0.012366842428990346,1.55,0.0,-0.03616628135907298,-0.14759473080457158,-0.35459608252676456,0.01216274413388721,-0.0681233193362205,-1.55
2019-12-20,1.354300022125244,0.1932119786579075,1.5067868974801966,0.32720464897227125,0.012381265663526712,1.55,0.0,-0.03690995272035681,-0.11397482229869565,0.05317552737870949,-0.08523897821332234,0.11656031334139341,-1.55
2019-12-23,1.3548099994659424,0.19338681044360279,1.5011078918786327,0.32744654064565887,0.012372806990651573,1.55,0.0,0.03764906870950142,0.09044611754735297,-0.37760711375915107,0.0738994103217405,-0.06834166904600517,-1.55
2019-12-24,1.355530023574829,0.19332126698678864,1.5038051783874096,0.3274227215677485,0.012392623801712476,1.55,0.0,0.05313164545438366,-0.0338981579476177,0.17952514233417338,-0.0072744528702935836,0.16003610400759183,-1.55
2019-12-25,1.3550000190734863,0.19339461037360364,1.5027171066334972,0.3277697330888322,0.012387665167357662,1.55,0.0,-0.039107074982253964,0.03793140752068426,-0.07238075745098718,0.10592660250109273,-0.040020795779960164,-1.55
2019-12-26,1.3547199964523315,0.19385544784571718,1.503123434212199,0.3277019966028523,0.01238669052132741,1.55,0.0,-0.020668011495437014,0.23800522678952646,0.027035870709403644,-0.020668011495448117,-0.007868184690663745,-1.55
2019-12-27,1.3533999919891355,0.19344509945778796,1.5024255067110628,0.32769974684912245,0.012355078364932338,1.55,0.0,-0.09748493961617119,-0.2119018650157186,-0.046442598500263964,-0.0006865266235126912,-0.25553689182403183,-1.55
2019-12-30,1.3521300554275513,0.19330503200626567,1.5119930166652722,0.32778910434607306,0.012356344245363244,1.55,0.0,-0.09387710597131765,-0.07243304979159264,0.6347852500957325,0.027264383624899743,0.010245306002629809,-1.55
2019-12-31,1.348180055618286,0.19299140106791257,1.5102713676565143,0.3282639632193324,0.012383052198560328,1.55,0.0,-0.2925591849968159,-0.16237841223078295,-0.11393107789764238,0.1447623613584403,0.21591443132777588,-1.55
2020-01-01,1.3344999551773071,0.19167516323024703,1.4974191674705677,0.32644325188492407,0.012279054831802461,1.55,0.0,-1.0198919712429546,-0.6843552816416903,-0.8546277126305521,-0.5561924432919451,-0.8433827901951031,-1.55
2020-01-02,1.3451900482177734,0.19321335445364882,1.5094143347680526,0.3290582454048141,0.012373773881114979,1.55,0.0,0.7978646587282794,0.7992960776826005,0.7978646587282794,0.7978646587282794,0.7684271569495911,-1.55
2020-01-03,1.3468999862670898,0.19342562657721113,1.504680901790266,0.32971847581134106,0.012408907026299668,1.55,0.0,0.12703425645996927,0.10980379905005465,-0.31408674893010274,0.200441395791097,0.2835300091382674,-1.55
2020-01-06,1.3497799634933472,0.1938085968992062,1.5066190451808126,0.32921463289992714,0.012502130362064118,1.55,0.0,0.21359437344026203,0.1977978306865307,0.12872471638848773,-0.1529269065239679,0.7484535428601727,-1.55
2020-01-07,1.3491699695587158,0.1934432482437632,1.510799850234747,0.3290658538880198,0.012445528767665486,1.55,0.0,-0.0452023164674231,-0.1886879396039835,0.2771115230756075,-0.04520231646743421,-0.4537635473036434,-1.55
2020-01-08,1.3513100147247314,0.19458989215613706,1.5073510069147744,0.3304421372296219,0.012510276526000761,1.55,0.0,0.1584937215945321,0.5910048037403465,-0.22854025423748306,0.41736729743693235,0.518900535208264,-1.55
2020-01-09,1.3499000072479248,0.1943644551305377,1.5001723496756938,0.32932422902794783,0.0123808827687752,1.55,0.0,-0.10439822104914993,-0.11591954295712727,-0.47738088925316996,-0.3388803457357682,-1.039685787676955,-1.55
2020-01-10,1.3510500192642212,0.1943481419422706,1.5011667596525626,0.3304917021815884,0.012337567211015279,1.54,0.0,0.0851561172552634,-0.008393444616686854,0.06626442244830906,0.35387880673258787,-0.35047183081942207,-1.55
2020-01-13,1.3482999801635742,0.1951427799262546,1.4988604832194594,0.33094425133312744,0.012305824406110005,1.54,0.0,-0.20375572287112237,0.4080398499193044,-0.1537503962941435,0.13683841035548197,-0.2576173195150013,-1.54
2020-01-14,1.346400022506714,0.19533709349818476,1.4993151333621315,0.3317890570222261,0.012240890811189198,1.54,0.0,-0.14101443350408208,0.0995255331679855,0.0303284533195947,0.25494603516472475,-0.5290626123083538,-1.54
2020-01-15,1.347830057144165,0.19532919613311553,1.500256049254034,0.3310401854927661,0.01226928562295855,1.54,0.0,0.10615535640727192,-0.004043023562522651,0.0627366957128211,-0.22596222377174383,0.2316982462248026,-1.54
2020-01-16,1.3456000089645386,0.19530320110280616,1.5008828333709374,0.330614238872443,0.01224575202125174,1.54,0.0,-0.1655917276089386,-0.013309203502665058,0.0417697514530256,-0.12875200814170676,-0.1919932514676914,-1.54
2020-01-17,1.34660005569458,0.19578082198238664,1.5000557458449748,0.3315116008663833,0.012222373663670124,1.55,0.0,0.07429215897924903,0.24425498810805765,-0.05512192436279538,0.2710549836599252,-0.19109240320860454,-1.54
2020-01-20,1.3473700284957886,0.19644685845179582,1.4948521830123838,0.3324705274247851,0.012228807630820954,1.55,0.0,0.05716268541312525,0.3396175960067084,-0.34749435991919875,0.2888412757606989,0.05262704670040512,-1.55
2020-01-21,1.3466999530792236,0.1961461114414667,1.4944237394243203,0.33194476211386126,0.012223502996240806,1.55,0.0,-0.04974447100226046,-0.15321062383809567,-0.028665375971583338,-0.15826409444357825,-0.04338759427906861,-1.55
2020-01-22,1.3498899936676023,0.19550023255548957,1.496435936634924,0.33174166911876113,0.012281999753433687,1.55,0.0,0.2365982325452871,-0.3298279079587069,0.13455646417036426,-0.06120149271763889,0.47741822642210374,-1.55
2020-01-23,1.3481999635696411,0.1952300162481064,1.496021914302446,0.33185642655010805,0.01228674543020614,1.55,0.0,-0.12527605422917956,-0.13831350466924114,-0.02767105541620234,0.03458642610335316,0.03863182100674147,-1.55
2020-01-24,1.3508000373840332,0.19476326137209835,1.4933392083038939,0.3317288871625531,0.012330217734971307,1.55,0.0,0.19266947890299813,-0.23936571507894755,-0.17948361597703666,-0.03843948516937189,0.35319019380355604,-1.55
2020-01-27,1.3543599843978882,0.19527372812657245,1.4932304282736906,0.3333398762007335,0.01244793257555486,1.55,0.0,0.2631969303292503,0.26175314632809626,-0.0072846136864956135,0.4844588342604588,0.9501574953274701,-1.55
2020-01-28,1.3575299978256226,0.1957307855908922,1.4959668217885422,0.3339968129514819,0.0124635514198225,1.55,0.0,0.23378639195181938,0.23378639195184153,0.18308556112634194,0.19688321461538297,0.12539474819809943,-1.55
2020-01-29,1.357100009918213,0.1956687892659147,1.495872033036676,0.3323374654939676,0.012435398992600051,1.55,0.0,-0.031679301398658065,-0.031679301398658065,-0.006336487792123038,-0.4980535870061027,-0.226133541799241,-1.55
2020-01-30,1.360100030899048,0.19610133695495918,1.498402515215503,0.3335131464913459,0.01247947036795709,1.6,0.0,0.2208171761212718,0.2208171761212718,0.16902142675811077,0.35313693432131604,0.3537760578614436,-1.55
2020-01-31,1.3623499870300293,0.19642573912785213,1.5025532164636957,0.33358226007029496,0.012512743745482884,1.59,0.0,0.16528910565211885,0.16528910565211885,0.2766254664270352,0.02072074804189639,0.2662701034307633,-1.6
2020-02-03,1.3641599416732788,0.196686701202189,1.5128253603504334,0.33324213639737954,0.012587752564585887,1.59,0.0,0.13276716068878372,0.13276716068878372,0.6813196658932126,-0.10201297499411895,0.5976697947185474,-1.59
2020-02-04,1.3698300123214722,0.1951158082123768,1.5154328132863526,0.33300838044034553,0.012612142474862306,1.59,0.0,0.4147841705984893,-0.8018843012312451,0.17220814281951244,-0.07017059220760082,0.19357158316713294,-1.59
2020-02-05,1.371000051498413,0.1959271257891323,1.5145824491074789,0.3337390744158512,0.01252661168495599,1.59,0.0,0.08537845986592546,0.41495123442794013,-0.056129367515299476,0.21918171946774903,-0.6804722254639612,-1.59
2020-02-06,1.3803000450134275,0.19795492326790748,1.518648969834714,0.33521955921745245,0.012569435658674955,1.59,0.0,0.6760461315890217,1.0296561618131628,0.26813141510902694,0.44262444469943885,0.3412809570987758,-1.59
2020-02-07,1.3860900402069092,0.19887084867819274,1.5223393589679972,0.33642963075442356,0.012604485040856196,1.58,0.0,0.4185963273155146,0.4616267901745972,0.24270997096211075,0.360328833654157,0.2784580538486245,-1.59
2020-02-10,1.3912999629974363,0.19874010664707165,1.5233768053094818,0.3361358599369931,0.012689133162424312,1.58,0.0,0.37516725381313837,-0.06576379955434557,0.06812495489737033,-0.08735828411624444,0.6693264435774947,-1.58
2020-02-11,1.3888499736785889,0.19887591793798776,1.515715402052507,0.3350582457762969,0.012652824994548992,1.58,0.0,-0.17624876419360086,0.06831278811730482,-0.5041913153132883,-0.3211038587622917,-0.28654607109578295,-1.58
2020-02-12,1.386039972305298,0.1990035706133741,1.513474532971401,0.33555415205963735,0.012618372978151108,1.58,0.0,-0.20253072291239993,0.06416650440113203,-0.14795173217520893,0.14789657194936723,-0.27265852437142385,-1.58
2020-02-13,1.3881100416183472,0.19912638113303646,1.5097013557518861,0.33529229139726996,0.01263687374264077,1.58,0.0,0.14923992479668224,0.06169368720886974,-0.2496169139723079,-0.0780687378523577,0.14651029153317835,-1.58
2020-02-14,1.3899999856948853,0.19924316351015964,1.5075921225366784,0.3357893316343286,0.012664224427630339,1.58,0.0,0.13605972042259315,0.05863017494126649,-0.13980963893349918,0.14813110980465768,0.2162016483183078,-1.58
2020-02-17,1.3903299570083618,0.19901374412545184,1.5073614653662446,0.3359096345761437,0.012663423708417608,1.58,0.0,0.023736126418495252,-0.11521176692048758,-0.015300877055572454,0.03582049374890338,-0.00632288642591551,-1.58
2020-02-18,1.388700008392334,0.19897410972303572,1.5053658618586498,0.33523235581618177,0.012644086180827832,1.59,0.0,-0.1173034348836052,-0.01991739303794666,-0.13247822206983498,-0.20182882298072105,-0.15282049824596924,-1.58
2020-02-19,1.3913999795913696,0.19887938634530378,1.502072617290338,0.33507523864249145,0.01265841206539489,1.59,0.0,0.19423560732092562,-0.04761721611489101,-0.21900670005071632,-0.046879127692005806,0.1132369298750159,-1.59
2020-02-20,1.394269943237305,0.19926112456481423,1.5072195628436023,0.3351207611148443,0.012537271420875098,1.59,0.0,0.2060520263253888,0.1917606101501975,0.3420705112011298,0.013584823675268568,-0.9616058088646878,-1.59
2020-02-21,1.40146005153656,0.19956995771044284,1.5118948846729694,0.33542998371054644,0.012518177302630122,1.58,0.0,0.5143647036833275,0.15486917699263397,0.30971502723159994,0.09222944572288438,-0.15241492700480197,-1.59
2020-02-24,1.4017800092697144,0.19950756392479976,1.5193965022783829,0.33482538086548913,0.012565594442661364,1.58,0.0,0.02282770848042905,-0.031269005528442785,0.4949463421262497,-0.18040974858188732,0.3780707063788549,-1.58
2020-02-25,1.3987300395965576,0.19901116195441362,1.517510095954776,0.33125638606092855,0.012617426153536667,1.58,0.0,-0.21781538546780718,-0.24912366465303137,-0.12423210956317053,-1.0716488989564323,0.41164072329731016,-1.58
2020-02-26,1.3983800411224363,0.19873515898186547,1.521716623042266,0.33043007625676507,0.012679578565307777,1.58,0.0,-0.02502572053639116,-0.1387834417670341,0.27681579312979165,-0.2497588452418762,0.4913825768798148,-1.58
2020-02-27,1.3973900079727173,0.19849853331157702,1.5211839920645789,0.3309311830453482,0.012661761832412417,1.58,0.0,-0.070823649564648,-0.11913677156150414,-0.03500810907084396,0.15153802174807524,-0.14061399713971032,-1.58
2020-02-28,1.3947299718856812,0.19914756549217275,1.53381643673913,0.3314078655642099,0.01271867522623109,1.58,0.0,-0.19053886731214364,0.326437381830761,0.8270058854231384,0.14393915085138928,0.4484831296017733,-1.58
2020-03-02,1.3923399448394775,0.1991646192819307,1.5387182434456008,0.3306435421969182,0.012928307780052807,1.59,0.0,-0.17150826520125492,0.008563026902148557,0.319072777062703,-0.23089557635552357,1.6347905132634215,-1.58
2020-03-03,1.3887799978256226,0.19840280538119281,1.5476630923239296,0.33065403585366804,0.012801349508017378,1.59,0.0,-0.2560083010857213,-0.3832380551745736,0.5796350449955602,0.003173656489601804,-0.9868713057491143,-1.59
2020-03-04,1.3873499631881714,0.1993032567204002,1.5511515706349144,0.3294741870622085,0.012961405214663274,1.09,0.0,-0.10302361805956915,0.45282331030458745,0.2251493015273945,-0.3574608710329291,1.2425516421647305,-1.59
2020-03-05,1.383370041847229,0.19860596639959616,1.540947358945175,0.3311081978671067,0.012847404893845867,1.09,0.0,-0.2872844654803331,-0.35047744261717845,-0.6600208444641459,0.49471925829025276,-0.8834274944188496,-1.09
2020-03-06,1.3832000494003296,0.19942330958268087,1.5524828571696643,0.33257996538659756,0.013018598327476004,1.09,0.0,-0.01228903960547595,0.41069558510093723,0.7458097250405833,0.443512484775326,1.3237138485883422,-1.09
2020-03-09,1.3765699863433838,0.19860772573762156,1.567365364859313,0.33010477358554857,0.013244144965831489,1.09,0.0,-0.4804803100461117,-0.40980974553385563,0.9540605515437993,-0.7470228801134106,1.717658975375664,-1.09
2020-03-10,1.3858699798583984,0.1995320740198788,1.5796090853405078,0.3287947638643651,0.013440433571467045,1.09,0.0,0.673319874033234,0.4643343587426585,0.7781303886208134,-0.3976361714714193,1.4712028957299026,-1.09
2020-03-11,1.3918299674987793,0.20010207754191248,1.5750651719637856,0.32884345951801874,0.013252241869224163,1.09,0.0,0.42913179246373584,0.2852628617144927,-0.2880751639313293,0.01480925287225505,-1.410085855922825,-1.09
2020-03-12,1.3960700035095217,0.2005962999557599,1.5721864147465112,0.32887397906858934,0.01335313211629839,1.1,0.0,0.3041744197407138,0.2466806417092311,-0.18293790253530148,0.009280444398162961,0.7584236984206196,-1.09
2020-03-13,1.4100099802017212,0.20061035439313168,1.5770865738690674,0.3302131115925144,0.013478730254994332,1.1,0.0,0.993563365889321,0.007006083884794715,0.3111932877682656,0.4063603689537486,0.9361933532780271,-1.1
2020-03-16,1.4126399755477903,0.20159835926964537,1.5758508801437896,0.33036481945424223,0.013240851161092719,0.25,0.0,0.18634943392759765,0.49129063106364895,-0.07838365375580547,0.0459318597442841,-1.7806070780069672,-1.1
2020-03-17,1.4225200414657593,0.20342929356815032,1.5879884404922677,0.3303499865899581,0.013397880862525753,0.25,0.0,0.696969896142224,0.9041095133072963,0.7672715750559108,-0.0044899445724260615,1.1789714328930707,-0.25
2020-03-18,1.429569959640503,0.20404356041142127,1.5747458322988166,0.328750151461736,0.013313558529919955,0.25,0.0,0.4943695697128243,0.30150097244187063,-0.8374200574639193,-0.4854613670479357,-0.631359556988932,-0.25
2020-03-19,1.438920021057129,0.20420640422397163,1.5772789293127971,0.3291969989912346,0.013279069886971464,0.2,0.0,0.6519175311084034,0.07977652678173462,0.1607282779092122,0.13583084838771695,-0.25938513293706805,-0.25
2020-03-20,1.4530099630355835,0.20442759111862013,1.5485228546651653,0.32928657701142644,0.013055952037939736,0.15,0.0,0.9744394605841417,0.10825673770228794,-1.8399686165321523,0.02720736674655433,-1.6944978313462686,-0.2
2020-03-23,1.4551299810409546,0.20509809747699995,1.5561723093004787,0.3313137329963916,0.013173127478895395,0.15,0.0,0.14579892451453033,0.32745538372246197,0.49276786995210603,0.6137333928857936,0.8934832837051687,-0.15
2020-03-24,1.4563000202178955,0.20536432220105874,1.56765028781507,0.32799549582203663,0.013140299516388084,0.12,0.0,0.08037557072808238,0.12971943282858817,0.7348708072861948,-1.0065884252210981,-0.24951504450424136,-0.15
2020-03-25,1.4459999799728394,0.20475786198960208,1.5620611651558534,0.326558263029107,0.013012958461408219,0.1,0.0,-0.7097876502923347,-0.295746329690305,-0.3571657441768568,-0.4391495987228695,-0.9738141337029214,-0.12
2020-03-26,1.4493999481201172,0.20375341590287926,1.5783341498715797,0.33034758088408384,0.013072260500928284,0.1,0.0,0.23485320124715742,-0.49176028436653624,1.0363746430665335,1.1536995508751273,0.4546800375353334,-0.1
2020-03-27,1.4308500289916992,0.20229461067703713,1.5808401056580124,0.33045035893835123,0.013113950396244776,0.1,0.0,-1.288094835994125,-0.7185413581019091,0.15864628598072417,0.031107256515903244,0.3184113249771765,-0.1
2020-03-30,1.4292000532150269,0.20142911693830673,1.5919977885781122,0.3308333325054911,0.013305652261973059,0.09,0.0,-0.11538091378085105,-0.42875610493315125,0.7033280165442799,0.11582732642930062,1.4512347721184478,-0.1
2020-03-31,1.4237600564956665,0.20055218929533053,1.5704737687725867,0.328737036574215,0.013178692166740912,0.08,0.0,-0.38135852610495957,-0.43630339047178274,-1.3612360948953461,-0.6356571150318672,-0.9587631524356242,-0.09
2020-04-01,1.4217000007629397,0.20076538781956926,1.5676480794855367,0.3298607934194259,0.013224131766795787,0.06,0.0,-0.14479599440489063,0.10624929305510107,-0.18008797537931953,0.341257709822042,0.3442029158065329,-0.08
2020-04-02,1.434399962425232,0.20204808658282325,1.5711874790599154,0.3293609587414504,0.013373485290634278,0.05,0.0,0.8893277917171221,0.6368719918018059,0.22552319218373684,-0.15164389588831378,1.1230712385174606,-0.06
2020-04-03,1.4303799867630005,0.20193979998178335,1.5515902773845767,0.32840774058133076,0.013244136573163414,0.05,0.0,-0.28064831310555555,-0.05360883691544635,-1.2551299178964508,-0.2898340490764071,-0.9719105360501931,-0.05
2020-04-06,1.4392000436782837,0.20295291998794476,1.5553370250662368,0.33039487174547144,0.013240963384690349,0.05,0.0,0.6147300020917815,0.5004397809955645,0.2411868147010794,0.6032572285690542,-0.02396206541261925,-0.05
2020-04-07,1.430999994277954,0.20179656651425468,1.5460242325236493,0.32813574277691765,0.01311460406262907,0.05,0.0,-0.571393742750849,-0.571393742750849,-0.6005634145749135,-0.6861147473378677,-0.9588887851241595,-0.05
2020-04-08,1.4250099658966064,0.20227827694243733,1.5525690118565194,0.32872201922880195,0.013115479407354936,0.05,0.0,-0.41946892678671144,0.238426452020989,0.4224361540512171,0.17850945561728432,0.006674357153233965,-0.05
2020-04-09,1.4250999689102173,0.20171552106350837,1.5481804045052172,0.328174991377401,0.013083674622585844,0.05,0.0,0.006315757335645337,-0.2785964763306213,-0.28306771637459244,-0.16654908426035359,-0.24279257533564388,-0.05
2020-04-10,1.4168100357055664,0.20118855157481796,1.5482062641439143,0.3281551819690066,0.013050820043449762,0.05,0.0,-0.5834074058979482,-0.2615857346545262,0.0016703106856389058,-0.0060364155740187135,-0.25142706498512385,-0.05
2020-04-13,1.4142999649047852,0.20103480665222778,1.5462069229653252,0.3284868087051825,0.013054755427816813,0.05,0.0,-0.17732065924201482,-0.07644753937490324,-0.12922265618143786,0.10100687104407588,0.030149761695094868,-0.05
2020-04-14,1.4147499799728394,0.20062822396415755,1.5453304724387775,0.32702665718305085,0.013145423984936727,0.05,0.0,0.03181386547554517,-0.20244971329037983,-0.05669998049070648,-0.4454992957670714,0.6921244136328614,-0.05
2020-04-15,1.4132100343704224,0.20050367841759578,1.5524661621154223,0.32637645710645957,0.013194746073875569,0.05,0.0,-0.10890859466317036,-0.06209705576862923,0.46069533536924645,-0.199019648662706,0.3745013526823367,-0.05
2020-04-16,1.4249000549316406,0.20164155058950944,1.5538679440387568,0.3282801739442239,0.013241457866683515,0.05,0.0,0.8237937432937452,0.5659026274551766,0.09025313894669003,0.5815941101321782,0.3533929570745696,-0.05
2020-04-17,1.4238300323486328,0.20114002257950653,1.5460617675585127,0.3256701650356008,0.013190328744953465,0.05,0.0,-0.07512278106705529,-0.24903238013166512,-0.5036367728815709,-0.7982327132955309,-0.386876500280013,-0.05
2020-04-20,1.4235999584197998,0.201295211441503,1.5470212698173782,0.3259530656836524,0.013221881514161676,0.05,0.0,-0.01616011140429688,0.0771248919426809,0.06204180605880137,0.08682952125982511,0.23892573857858768,-0.05
2020-04-21,1.4209400415420532,0.20091341310464783,1.5438287260863746,0.3250091424686181,0.01319729967267772,0.05,0.0,-0.18701917730551532,-0.18985095208414118,-0.20658038213403795,-0.2900088099696326,-0.18609091935124464,-0.05
2020-04-22,1.430799961090088,0.2023533399305205,1.5533433255725981,0.32569995904606086,0.013282460728849714,0.05,0.0,0.691504753514848,0.7141342223583357,0.6144075471807028,0.21232739341382542,0.6432184316960489,-0.05
2020-04-23,1.4285500049591064,0.2016842959736271,1.5442114241979255,0.3271089115224221,0.013250257001035859,0.04,0.0,-0.1573753910552406,-0.3311793303120714,-0.5896217221988099,0.43165916629788514,-0.24274741815312637,-0.05
2020-04-24,1.4240000247955322,0.20155127308882798,1.5346480789377779,0.32677039390329476,0.013225965497480927,0.05,0.0,-0.3190116895281158,-0.06597775584822721,-0.6212284780445757,-0.10354132530624575,-0.18349679885262968,-0.04
2020-04-27,1.4232800006866455,0.2010026920365658,1.5405130902379085,0.3266651461576522,0.013240429455516253,0.04,0.0,-0.05057627755549786,-0.2725504848425249,0.3814446195694637,-0.032213658456018035,0.10930056398669172,-0.05
2020-04-28,1.4201099872589111,0.20043046780354817,1.5372483807043977,0.32604980257596056,0.013237046179090767,0.04,0.0,-0.2229743197064702,-0.2850908583719172,-0.21214839348586761,-0.1885490029559672,-0.025555883729926246,-0.04
2020-04-29,1.4164299964904783,0.20011443121367686,1.5349263441654555,0.32494377828724996,0.013269784170347904,0.04,0.0,-0.25947054186737295,-0.15780336048683902,-0.1511656848368664,-0.33979608568066666,0.24701563689000444,-0.04
2020-04-30,1.4105000495910645,0.19935269728671065,1.5342362275115988,0.3248877376017116,0.013230466574578638,0.05,0.0,-0.4195332392669974,-0.3813754854338959,-0.04497100752211248,-0.01724775862883886,-0.29673398185804717,-0.04
2020-05-01,1.410899996757507,0.19980740607885175,1.5442962375555422,0.32865127510892383,0.013150952589805474,0.05,0.0,0.028350972038809003,0.22783288459860288,0.6535611345248491,1.1517534646972825,-0.6028047623587292,-0.05
2020-05-04,1.419600009918213,0.20103377403489855,1.5558284105281928,0.3304777052316883,0.013299855943694957,0.05,0.0,0.6147352438027955,0.6118990978791188,0.7439846764320382,0.55419647804616,1.125900757842595,-0.05
2020-05-05,1.4158999919891355,0.20050980350581826,1.5439388456729828,0.328134408624133,0.01327028886114962,0.05,0.0,-0.2609783125830942,-0.26097831258310533,-0.7671300571768966,-0.7115892484103431,-0.22255877765747734,-0.05
2020-05-06,1.4163199663162231,0.20056927731772467,1.5350899135190301,0.3293767217424649,0.013304775110179785,0.05,0.0,0.029656900689096138,0.02965690068911834,-0.5747888187317621,0.3778839746646436,0.259538554080052,-0.05
2020-05-07,1.422379970550537,0.20023367947368284,1.5359645822969128,0.3291022586216008,0.01339454327774348,0.05,0.0,0.42695695739963047,-0.16746279775830467,0.05696211530759918,-0.08336276325991925,0.6724404310079196,-0.05
2020-05-08,1.412999987602234,0.19946921422299232,1.5312922598473337,0.3269319710486369,0.013285194221418217,0.05,0.0,-0.6616409303568966,-0.38251721209937906,-0.30465828614626184,-0.6616409303568854,-0.8197207234886381,-0.05
2020-05-11,1.4130500555038452,0.19977803756746781,1.5316785316631891,0.3262264892257812,0.013216080139576699,0.05,0.0,0.0035433131652015722,0.15470283373659163,0.025222037309238873,-0.21602172829724578,-0.5215918117143168,-0.05
2020-05-12,1.417449951171875,0.19969708949967369,1.532179544603423,0.32724227950946594,0.013177490343034781,0.05,0.0,0.31089201212098816,-0.040527213544623714,0.03270470969792345,0.310892012120966,-0.2924183680665883,-0.05
2020-05-13,1.4189900159835815,0.20036289138877367,1.53915155789781,0.3280143194434034,0.013244507173146196,0.05,0.0,0.10859140196005637,0.3328513401030146,0.454006750651132,0.23564517852213404,0.5072816601767937,-0.05
2020-05-14,1.4189000129699707,0.2000902529624718,1.5357723305775721,0.32784195713004854,0.01326905661290067,0.05,0.0,-0.006342952878561385,-0.13616497823646573,-0.2197926715058147,-0.052561002609768016,0.1851840587574132,-0.05
2020-05-15,1.4220000505447388,0.20043131896788582,1.536749069716322,0.32780085507524365,0.013244540388749868,0.05,0.0,0.21824342538780966,0.17031097037347975,0.06357899877009453,-0.012537941114762377,-0.18493327130576592,-0.05
2020-05-18,1.4262200593948364,0.20084211662190973,1.5433612297442494,0.32792700593239743,0.01330329879261743,0.05,0.0,0.2963262511443882,0.20474706825786773,0.42934632479666235,0.03847658951574693,0.4426612607767712,-0.05
2020-05-19,1.417799949645996,0.19944854427023678,1.5475462847882682,0.3257363226199992,0.01320345306118621,0.05,0.0,-0.5921290514126477,-0.6962830352882361,0.270797982910387,-0.6702812957573919,-0.7533643066992817,-0.05
2020-05-20,1.417330026626587,0.19967457351213933,1.5488253361180568,0.3261153849192138,0.013146554667680804,0.05,0.0,-0.03315001623525868,0.11326292865312618,0.08261614296574228,0.11630324429880931,-0.4318669089186672,-0.05
2020-05-21,1.4134199619293213,0.19928373917771292,1.5523557462939834,0.3252231704227557,0.013136971652160148,0.05,0.0,-0.2762566245553159,-0.19592746761827265,0.22768175138535804,-0.2739635316199369,-0.07292032148714485,-0.05
2020-05-22,1.4171899557113647,0.19920301374659444,1.5522344163260158,0.32624079201512884,0.013167117272057735,0.05,0.0,0.2663734050889473,-0.04051599288075088,-0.007816166493741311,0.31241096322061385,0.2292087225096271,-0.05
2020-05-25,1.42385995388031,0.19971666599226096,1.5531181583665585,0.32649849437111295,0.013216317313906439,0.05,0.0,0.46954545930640934,0.257521779757958,0.05691734147052099,0.07896027548763816,0.37296204722485293,-0.05
2020-05-26,1.4237600564956665,0.1995263269807616,1.5523251988214068,0.32647558738114607,0.01322128115092368,0.05,0.0,-0.007016201903382021,-0.09534996444282225,-0.05106900826577264,-0.007016201903393123,0.03755134629321332,-0.05
2020-05-27,1.4166300296783447,0.19857165410580851,1.555710622896214,0.3248406351414001,0.013179057456636568,0.05,0.0,-0.5020466609920624,-0.4796179585749071,0.21784983236330172,-0.5020466609920624,-0.3198726419154697,-0.05
2020-05-28,1.4194300174713137,0.19801763543131176,1.5637655025605002,0.3264558420611824,0.013167499056393387,0.05,0.0,0.19745623549272845,-0.2793918290287285,0.5164262999325699,0.49599845467839687,-0.08774126500354457,-0.05
2020-05-29,1.4170000553131104,0.19831496666237336,1.5699092594469166,0.32589697312592747,0.013163885111350691,0.05,0.0,-0.17133951413034798,0.1500412962603698,0.3921124701709311,-0.17133951413034798,-0.027449715839976477,-0.05
2020-06-01,1.4117200374603271,0.19782240380234914,1.5696243223033548,0.3251312839658619,0.013106919031644617,0.05,0.0,-0.37331540850046424,-0.24868298251874157,-0.01815155894496821,-0.23522466337684297,-0.4336842426426499,-0.05
2020-06-02,1.4083399772644043,0.1976146031389611,1.5669114599950262,0.3266094720078771,0.013094990356137974,0.06,0.0,-0.23971559448096585,-0.10509925923381316,-0.1729846667224136,0.45361305492236986,-0.09105196231480807,-0.05
2020-06-03,1.3996599912643433,0.19713799304734744,1.5661407171253927,0.3275974204253934,0.012863458129411738,0.06,0.0,-0.6182345971578168,-0.2414729264899885,-0.049200769193047965,0.3020295811505162,-1.7839152980815103,-0.06
2020-06-04,1.3971500396728516,0.19637512066365664,1.5698314640799254,0.3283934818393351,0.012818007804032234,0.06,0.0,-0.1794867894176357,-0.3877244812435564,0.2353814667542753,0.24270513568563143,-0.353954660913047,-0.06
2020-06-05,1.3973400592803955,0.19655376964080862,1.584285710862815,0.327207586785364,0.012802015939038658,0.07,0.0,0.013599590702296086,0.0909319695598721,0.9165384268185783,-0.3617737688796981,-0.12483881538017426,-0.06
2020-06-08,1.391129970550537,0.19645953958176107,1.574691754949413,0.3261735085813362,0.012688855067533995,0.07,0.0,-0.4454126406505446,-0.04795260549297035,-0.6074108165989172,-0.3165316764594305,-0.8878599310526541,-0.07
2020-06-09,1.3873000144958496,0.196215152742601,1.568421329924547,0.32584849290904255,0.012796908542974137,0.07,0.0,-0.27569227953469294,-0.12447294184755153,-0.39899508380089155,-0.09969470308371199,0.8479567223387163,-0.07
2020-06-10,1.3902499675750732,0.19646565850028946,1.5754611634628475,0.32535690253349747,0.012896926680325408,0.08,0.0,0.21241412089372533,0.12758748810662568,0.44784404755991036,-0.15097862283245256,0.7785419473538081,-0.07
2020-06-11,1.3850899934768677,0.1961883859352489,1.574216367023979,0.32598022354673245,0.012947064965988964,0.08,0.0,-0.3718448994457331,-0.14122997842860324,-0.07904279035739938,0.19139741266410545,0.3880077756747142,-0.08
2020-06-12,1.3939199447631836,0.19732449802021546,1.5734683473772293,0.32821282632383497,0.013051318094450821,0.08,0.0,0.6354767487397358,0.5774221317469993,-0.04752824559641697,0.682554314893139,0.8020013169355461,-0.08
2020-06-15,1.3942999839782717,0.196868295276825,1.5688678841677872,0.32668695943141535,0.012993076411895888,0.09,0.0,0.02726034725769881,-0.23146184040995038,-0.2928054897563318,-0.4659856932916822,-0.44725001862486546,-0.08
2020-06-16,1.3891700506210327,0.1959116161981267,1.5750049434978735,0.3248380632551524,0.012926841461881316,0.09,0.0,-0.3686002796275312,-0.48713335003778435,0.3904144640548846,-0.5675610529202582,-0.5110748769120315,-0.09
2020-06-17,1.3936500549316406,0.19667655400564413,1.5700444894878272,0.3260000055770427,0.012975048947170583,0.09,0.0,0.32197612572707907,0.3896901810051852,-0.3154454789361713,0.35706072278919604,0.37223183474356836,-0.09
2020-06-18,1.393839955329895,0.19674500495481237,1.5670806410200555,0.32581580063168103,0.01303945957621294,0.09,0.0,0.013625189532447653,0.034797762501801624,-0.18895321202049709,-0.056520553355971774,0.4951910631285412,-0.09
2020-06-19,1.3939100503921509,0.19664664417873065,1.562712652409246,0.32602271286282647,0.013026466677813039,0.09,0.0,0.005028791113027086,-0.05000654098686661,-0.2791233182005654,0.06348573574940895,-0.09969259752654429,-0.09
2020-06-22,1.3980900049209597,0.19771329162078716,1.562722837604398,0.32780540414717535,0.013086931584904555,0.08,0.0,0.2994238946228531,0.5409525392067489,0.0006517616623036916,0.5453101986668336,0.46309572230195634,-0.09
2020-06-23,1.3908900022506714,0.19680363449852145,1.5688793496353668,0.32569721171144617,0.013010766805785619,0.08,0.0,-0.516319130786139,-0.4611506752202857,0.3931865923118471,-0.6452000949772211,-0.5836912835780126,-0.08
2020-06-24,1.3904199600219729,0.19701588621582292,1.5728910652982224,0.3251683705751776,0.013063927863684216,0.08,0.0,-0.03380006108987493,0.1077913748245361,0.25537943982853406,-0.16250398455205822,0.4077603379895249,-0.08
2020-06-25,1.393630027770996,0.19691827847042345,1.5679553910708819,0.32591908800544905,0.01301922615427522,0.08,0.0,0.23060427690943056,-0.04955536033524249,-0.31428968965558723,0.23060427690943056,-0.342763403104525,-0.08
2020-06-26,1.39110004901886,0.19656079545806743,1.5611042660656127,0.32528936649290613,0.012982129297430693,0.08,0.0,-0.18170374711068388,-0.181703747110695,-0.43790382441090586,-0.19340096231147644,-0.28534575502667653,-0.08
2020-06-29,1.3933099508285522,0.19687305197614008,1.564110925404492,0.32489448650134384,0.01299511202119534,0.08,0.0,0.15873397048766436,0.15873397048766436,0.19241300725205743,-0.12146719371610677,0.0999546078532207,-0.08
2020-06-30,1.393339991569519,0.1968105570439598,1.5671176559972508,0.3253566981510965,0.012950460442378676,0.08,0.0,0.0021560469803426838,-0.031748811112950255,0.19204803729421238,0.1421640555245711,-0.344194547733132,-0.08
2020-07-01,1.3936599493026731,0.19727930335499785,1.5659100143286364,0.32546939005045095,0.012905573436023197,0.08,0.0,0.022960727760867987,0.23788814643414266,-0.07709103496666521,0.034630418947120295,-0.3472075544181426,-0.08
2020-07-02,1.3935999870300293,0.1971117834847253,1.5679920317631968,0.32530345777069275,0.012979900731033672,0.09,0.0,-0.004302596386609789,-0.08495114922063789,0.13287063285635736,-0.05099545376230496,0.5742796041134083,-0.08
2020-07-03,1.395050048828125,0.19744534594298996,1.5677361792149895,0.32571796668530373,0.012977571722389888,0.09,0.0,0.10399741166100128,0.16908199743654875,-0.016318541120961875,0.12734111507020496,-0.01794480301741487,-0.09
2020-07-06,1.3938100337982178,0.19727262567102677,1.5676463219941468,0.3252765655616062,0.012956153180060841,0.09,0.0,-0.08892630500525223,-0.08751579376069966,-0.00573181873872074,-0.13560826381052848,-0.16517910388499435,-0.09
2020-07-07,1.391909956932068,0.19835405802187978,1.5746477846156497,0.3255929651183867,0.012965004721513497,0.09,0.0,-0.13641551678774236,0.5466946942003319,0.4456281920452366,0.09722365751944206,0.06829588269414259,-0.09
2020-07-08,1.3953700065612793,0.19897189911523788,1.5733115333853789,0.3265551331137926,0.012970774401466505,0.09,0.0,0.2482744074399946,0.31099986308191563,-0.08489635192469683,0.2950767459567424,0.04449205108377578,-0.09
2020-07-09,1.3907999992370603,0.1985864213989075,1.5770495713165926,0.32594327034955833,0.012963843632503013,0.09,0.0,-0.3280497179363533,-0.1939226610244911,0.23730864883247776,-0.18754465614892663,-0.05344801392029004,-0.09
2020-07-10,1.391800045967102,0.19902475481047682,1.5710576351479941,0.3266369384839802,0.012978850807330895,0.09,0.0,0.07187858526931397,0.22048353535764229,-0.38066959041429943,0.21259253231657255,0.11569481756529335,-0.09
2020-07-13,1.3909000158309937,0.19892734487158303,1.5731137795564365,0.32615780743248723,0.013010008120726975,0.09,0.0,-0.0646875442918937,-0.048955610947701476,0.13079087812668058,-0.14679380939499423,0.2397745003714816,-0.09
2020-07-14,1.389799952507019,0.19864501407188978,1.5767970048898974,0.32605278937164883,0.012955366902711637,0.09,0.0,-0.07912132872216698,-0.14202740245968404,0.23386230685175097,-0.03220372752622923,-0.4208781781493547,-0.09
2020-07-15,1.3906099796295166,0.19877783469936045,1.586784004061684,0.3258223848672358,0.012966664590568404,0.1,0.0,0.058266742328326425,0.06684096439162496,0.6313751612408166,-0.07068976488529218,0.08716669119880002,-0.09
2020-07-16,1.3892699480056765,0.1988136357491795,1.586156369894468,0.3261196885828177,0.012993910700683078,0.1,0.0,-0.09640932432458633,0.01800896275537407,-0.03956167475151568,0.09120556819344615,0.2099038238773675,-0.1
2020-07-17,1.3918700218200684,0.19917432020240025,1.5856345506335856,0.3263087561632222,0.012974421814387481,0.09,0.0,0.1869790517640216,0.18125400358147972,-0.032903761859779446,0.05795810627804757,-0.1500973537149397,-0.1
2020-07-20,1.389359951019287,0.1987298256282786,1.5898386072053654,0.32594956321155016,0.012973760374737292,0.1,0.0,-0.1805008220671732,-0.2234180084186682,0.2647831563384994,-0.11013826188558919,-0.0050981579018643825,-0.09
2020-07-21,1.388200044631958,0.1988170206756237,1.5906955855385547,0.3260216247560241,0.012950110598322013,0.1,0.0,-0.08351981282637541,0.043866552862390204,0.05388895713702946,0.022105745191604975,-0.1824556448434021,-0.1
2020-07-22,1.3829699754714966,0.19814174791692457,1.5951211196679935,0.3247170773542086,0.01294527824986981,0.09,0.0,-0.3774633337031998,-0.3402234506426598,0.2778274700399812,-0.4009440794596771,-0.037322077197791806,-0.1
2020-07-23,1.3854999542236328,0.19796532586494908,1.6028458199216402,0.32596162529609507,0.012927454301583144,0.09,0.0,0.18277095440241398,-0.08907796670067847,0.4831016344621359,0.3825388642663095,-0.13778174432051662,-0.09
2020-07-24,1.3854999542236328,0.1978409519176199,1.6066375005495956,0.3256934399024356,0.012968232159600442,0.09,0.0,0.0,-0.06284587102534776,0.2362799250454524,-0.0823090076706593,0.3149396466758251,-0.09
2020-07-27,1.381700038909912,0.19693277643316207,1.610035281150317,0.3243427147121493,0.01303576734538694,0.1,0.0,-0.2746399039910636,-0.4601000630736963,0.2112606469500432,-0.41558523314139506,0.5194226958437759,-0.09
2020-07-28,1.3780100345611572,0.19705000128530295,1.6218179966276693,0.3242376551908605,0.01309136350392157,0.1,0.0,-0.26741987017156277,0.05950760400187913,0.7291647652281549,-0.032396762863296825,0.42558245502420256,-0.1
2020-07-29,1.378600001335144,0.19695129615002213,1.6155531215578378,0.3244528072061776,0.01311615755101863,0.1,0.0,0.04280378982242747,-0.0501039656408421,-0.38703519995553604,0.06633426439209285,0.1892132753976895,-0.1
2020-07-30,1.3746299743652344,0.19636729682992485,1.6197080133606505,0.32416695743931756,0.013087725690456879,0.1,0.0,-0.2883907088388006,-0.29696015377291174,0.25685061661315256,-0.08814094202702426,-0.21700502522590714,-0.1
2020-07-31,1.3712400197982788,0.19568736023236702,1.6279710646551138,0.3236346527028519,0.013098975357863597,0.1,0.0,-0.2469130946788797,-0.34685841221728425,0.508859953593999,-0.16434193677106906,0.08591894090063226,-0.1
2020-08-03,1.3741999864578247,0.19704052527981586,1.6191250254813383,0.3243332523411669,0.012980560532349654,0.1,0.0,0.2156279357534496,0.6891134815016127,-0.54485982630228,0.21562793575342745,-0.9081115537043389,-0.1
2020-08-04,1.3762799501419067,0.1971917240736625,1.6189624701989658,0.3259396092069495,0.01298009965091724,0.1,0.0,0.15124371953359406,0.07670544533483695,-0.010040203220321349,0.49405725758112234,-0.003550614115422593,-0.1
2020-08-05,1.372040033340454,0.19677313091353427,1.6211260861080063,0.3252050433753426,0.012991081238814775,0.1,0.0,-0.3085463258013068,-0.21250287295985656,0.13355290715257065,-0.22562302871020662,0.08456749501404126,-0.1
2020-08-06,1.3693499565124512,0.19746632551531984,1.6258043455576399,0.32661894314463435,0.012973102974815473,0.1,0.0,-0.19625647583150066,0.35166206976720243,0.28816525548766186,0.43382938219237904,-0.13848512801037774,-0.1
2020-08-07,1.369189977645874,0.19693773902212858,1.626116307559272,0.3270879168822458,0.012968147308929668,0.1,0.0,-0.01168351534799684,-0.26804328717554926,0.01918632315275249,0.14348138186837403,-0.038206839623257556,-0.1
2020-08-10,1.3727799654006958,0.19704032781647732,1.6175091894934324,0.328023891080137,0.012969107087293177,0.1,0.0,0.26185478912650245,0.05207843040125527,-0.5307109760711386,0.28574506622211215,0.0074007707160214636,-0.1
2020-08-11,1.3738000392913818,0.19736237294024547,1.6125360134216749,0.32764132883023755,0.012961356340286036,0.1,0.0,0.07427957211114342,0.16330780429407613,-0.30793253277124216,-0.11669439881678367,-0.05978101594378778,-0.1
2020-08-12,1.3735899925231934,0.1977725904286543,1.6121191707096614,0.3276302814618684,0.012895015485333288,0.1,0.0,-0.015290640656432129,0.207634187715839,-0.025853475211026884,-0.0033718440404505662,-0.5131501122874446,-0.1
2020-08-13,1.3711999654769895,0.19768748557189864,1.6171660599769948,0.327177277611386,0.012836306973251835,0.1,0.0,-0.17415013074370211,-0.04304093547454369,0.31257030679056996,-0.1383624597716609,-0.4563202225532606,-0.1
2020-08-14,1.3727799654006958,0.19770435080589366,1.6221535232634778,0.32771065239835767,0.012831398170017848,0.1,0.0,0.1151611992889785,0.008530896418990939,0.3079330149039737,0.16289043681065837,-0.03824886772256633,-0.1
2020-08-17,1.3700300455093384,0.19714364632013234,1.6238355209556943,0.3271322777865512,0.01285761242677524,0.1,0.0,-0.2005185048776945,-0.2840104884606044,0.10363546024623306,-0.1766453405972591,0.20408933818362712,-0.1
2020-08-18,1.3677899837493896,0.19732104298000736,1.624453607026311,0.32651944172831554,0.012904287450414694,0.09,0.0,-0.16363838644398626,0.08994299193109614,0.03805609991744333,-0.18751155072442158,0.3623573954818912,-0.1
2020-08-19,1.3636800050735474,0.19704079931266222,1.6293057138598073,0.3262002141176191,0.012959781207040064,0.09,0.0,-0.30093552514936106,-0.14212516753103058,0.2982464252356747,-0.0978146232581202,0.42911919634143775,-0.09
2020-08-20,1.3694000244140625,0.19791305867553227,1.6218489377206424,0.3283932852181398,0.012909246822512132,0.09,0.0,0.4185774020784035,0.4417026259572849,-0.45871636472512917,0.6700583822122317,-0.3906946078598857,-0.09
2020-08-21,1.3664300441741943,0.19760947694175737,1.6224532393634945,0.32768105975398404,0.012931718471914565,0.09,0.0,-0.21711738902752403,-0.15350922693554023,0.03725310509662984,-0.2171173890275129,0.1739227216240298,-0.09
2020-08-24,1.3716200590133667,0.19825396684270735,1.618239844316136,0.32833516078116604,0.012954844520018358,0.09,0.0,0.37910343926952766,0.32561252143630326,-0.2600306362044829,0.19941618010938544,0.17867226532358052,-0.09
2020-08-25,1.3703900575637815,0.19806472921922383,1.616311829110941,0.3283944653521744,0.01292906235779416,0.09,0.0,-0.08971531685092793,-0.09549770916470478,-0.11921376612248431,0.01806057433977593,-0.1992139043965357,-0.09
2020-08-26,1.367969989776611,0.19791518702090088,1.6189951625445926,0.32828654904911775,0.012856256806261773,0.09,0.0,-0.17675312050938805,-0.07553019701206888,0.16587817204679703,-0.03286719172977461,-0.5647069524029974,-0.09
2020-08-27,1.3651299476623535,0.19827883182135322,1.6166863819583455,0.32760499343619376,0.012896103305008995,0.08,0.0,-0.2078257803579612,0.1835691026489153,-0.14270755303452679,-0.2078257803579723,0.30945925246637507,-0.09
2020-08-28,1.365630030632019,0.1982276590737626,1.6141244483110029,0.3274892099871883,0.012806343176797803,0.09,0.0,0.03662591946790993,-0.025811808406565065,-0.15859388363575352,-0.03534864134228503,-0.6984587493080203,-0.08
2020-08-31,1.3574999570846558,0.19775945091899033,1.6179011354974906,0.32608693784646003,0.01286303036887129,0.09,0.0,-0.5971141840593454,-0.23647657266943822,0.23370414667229852,-0.42910816041555394,0.4416725178316941,-0.09
2020-09-01,1.360440015792847,0.19867108549546583,1.6242314283666703,0.3264011380940015,0.012833855741219547,0.09,0.0,0.2163447231562467,0.45992228131202534,0.3905022875412518,0.09630835670811244,-0.22706751364374136,-0.09
2020-09-02,1.3602999448776243,0.19923837004449896,1.6219147615159237,0.32817851655901875,0.012845621147649772,0.09,0.0,-0.010296530897556225,0.28513267301052625,-0.14273338959753235,0.5430608239994532,0.09163276420608987,-0.09
2020-09-03,1.362429976463318,0.19926433118065132,1.6141196964544948,0.32881139746147936,0.012827941154286416,0.09,0.0,0.15646296781304234,0.01302934013207404,-0.48176743725146176,0.19266082620638775,-0.13772920134917455,-0.09
2020-09-04,1.3658699989318848,0.1995194154527198,1.6171606283618871,0.3295223173020565,0.012875120353222146,0.09,0.0,0.25217346498236654,0.12793114514421958,0.18821844590678533,0.21597560658902062,0.367109979548585,-0.09
2020-09-07,1.36489999294281,0.19950303760228577,1.6152853421616555,0.3291295025152097,0.012838746990809433,0.09,0.0,-0.0710426753449171,-0.008208986896776047,-0.11602894079091501,-0.11927844776269132,-0.28290872147927326,-0.09
2020-09-08,1.3662999868392944,0.2000585617036132,1.6152026472911987,0.3288327118766416,0.01285264082514444,0.09,0.0,0.10251860204048754,0.2780669915431704,-0.005119651937720169,-0.090215107252533,0.10815947965919219,-0.09
2020-09-09,1.3712799549102783,0.2003301587611192,1.6140300809099983,0.329238887747838,0.01294050963401111,0.09,0.0,0.36382306052434354,0.13566670851666457,-0.07262198369873084,0.12344429481758912,0.681337077657061,-0.09
2020-09-10,1.3667000532150269,0.20004977552331302,1.6135774680658128,0.32782441939159057,0.012865359613427548,0.09,0.0,-0.33454634096880165,-0.14005860915161225,-0.028046337126458504,-0.4305431534060723,-0.582427449356852,-0.09
2020-09-11,1.3692599534988403,0.20038047952233803,1.6190656756322852,0.32899084442907683,0.012900143981527237,0.09,0.0,0.18713000369489347,0.16517436934152813,0.33954956334382935,0.3551763571716109,0.27000744700497864,-0.09
2020-09-14,1.367110013961792,0.20006293491487284,1.6190313207879115,0.3293050559667699,0.012879646306447872,0.09,0.0,-0.15713810668929884,-0.15859652703795465,-0.002121915706234859,0.09546210491844269,-0.15902130443963225,-0.09
2020-09-15,1.3640999794006348,0.20033483854513093,1.6191867249830239,0.32921443909229353,0.01290356171456169,0.09,0.0,-0.2204177479677211,0.13581677525576452,0.009598130393641643,-0.027521394804018738,0.185511554287416,-0.09
2020-09-16,1.3610600233078003,0.2007374297786392,1.6120955793096954,0.3297141703004132,0.012915611598640594,0.09,0.0,-0.22310303620782518,0.200757519539511,-0.4389066871379534,0.15167995342937415,0.09334059466273137,-0.09
2020-09-17,1.3591099977493286,0.20123932690532412,1.6042186077028617,0.32924178036311014,0.01293626661917932,0.09,0.0,-0.14337529473697494,0.24971463108142494,-0.4898145453086751,-0.14337529473698604,0.15979515886483367,-0.09
2020-09-18,1.357149958610535,0.20064013595438562,1.607978489909229,0.32805171164596075,0.012962520620527211,0.09,0.0,-0.14431899085368927,-0.29819458335851673,0.2341004495813661,-0.36211221684611516,0.20274316397859213,-0.09
2020-09-21,1.358669996261597,0.20074910918887312,1.6094171428719053,0.3304158560415628,0.012997024622325387,0.09,0.0,0.11193951256290507,0.054298035377581,0.08942966440933828,0.7180777521173685,0.26582917222913377,-0.09
2020-09-22,1.3614000082015991,0.2000970081213771,1.6020955467896272,0.330436904373083,0.013004107139681831,0.09,0.0,0.20073107325853448,-0.3253625840948003,-0.4559601330853759,0.006370051784028979,0.05447853267649916,-0.09
2020-09-23,1.3647799491882324,0.20134249386314146,1.5979345970061445,0.3302952466766804,0.012993697218046382,0.09,0.0,0.24796181992829155,0.6205117991130933,-0.2600570583111789,-0.04287900879288559,-0.08008308739122252,-0.09
2020-09-24,1.3724000453948977,0.2015597335387216,1.6000187056490631,0.3331068163873659,0.013032743620931018,0.09,0.0,0.5567858823790798,0.10783742648097244,0.13034017327509748,0.8476267111002314,0.30005203109536277,-0.09
2020-09-25,1.374650001525879,0.2013342668428928,1.604662357073039,0.32996880413564106,0.013037890959896308,0.09,0.0,0.16380892926353083,-0.11192359238504361,0.2898044818269622,-0.9465091407090158,0.03948763898489049,-0.09
2020-09-28,1.376099944114685,0.20169137479540933,1.601140282909256,0.3300791304887884,0.013034459021469822,0.09,0.0,0.10542163059129815,0.17721356116298465,-0.21973127958394806,0.03342980059094367,-0.026326268623732895,-0.09
2020-09-29,1.3708000183105469,0.2012685738985918,1.6009344174131002,0.3284927066080171,0.01300162222234765,0.09,0.0,-0.3858846301842583,-0.20984768006936536,-0.012858256955643521,-0.4817779503915311,-0.2522408516484028,-0.09
2020-09-30,1.368000030517578,0.20072189537064825,1.606312564444124,0.32924186797590493,0.012946699079655195,0.09,0.0,-0.20446828673498085,-0.27198598312446837,0.33537498685948175,0.22780061161633403,-0.4233277681025167,-0.09
2020-10-01,1.3646999597549438,0.20099561887383785,1.6002579521808116,0.3286453725725803,0.012941555853983813,0.09,0.0,-0.24152467366378244,0.13627663014200475,-0.3776383165351987,-0.18133671851790326,-0.03973404736807348,-0.09
2020-10-02,1.3630800247192385,0.20076590044783113,1.600930161302472,0.3286114036739455,0.012914925993940032,0.09,0.0,-0.11877315878577037,-0.1143556264066987,0.04199747766834,-0.010336568565811574,-0.20598215655153826,-0.09
2020-10-05,1.3628000020980835,0.20071282932667137,1.5972621058735825,0.32743871777783345,0.012916311008490817,0.09,0.0,-0.020545483982061276,-0.026437824737911335,-0.22938314715314603,-0.35749925401524385,0.010723563505559978,-0.09
2020-10-06,1.3597500324249268,0.20026363058766536,1.6034789066320343,0.32769009939173527,0.012863386748309013,0.09,0.0,-0.22405251770390724,-0.22405251770390724,0.3884605815885157,0.0767426556888102,-0.4105892554085362,-0.09
2020-10-07,1.36243999004364,0.2006598068450689,1.599182999397186,0.32829878523725975,0.012897008689088881,0.09,0.0,0.1976319413454211,0.1976319413454211,-0.2682712029771838,0.1855781506291105,0.2610360539936748,-0.09
2020-10-08,1.3592000007629397,0.2001855743996099,1.5994351231016142,0.32712393071711376,0.012826877249434881,0.09,0.0,-0.2380910643728,-0.2366162559960182,0.015764539266304497,-0.3585032223818542,-0.5452645341376384,-0.09
2020-10-09,1.3579200506210327,0.20001179591155602,1.5978650037567659,0.32720964323274443,0.01280839177824741,0.09,0.0,-0.09421374193098975,-0.08684639723703047,-0.09821533223443517,0.026198416078063294,-0.1442190785790134,-0.09
2020-10-12,1.354599952697754,0.20236938998437495,1.6007089522967135,0.32700059810402404,0.012823764618395225,0.09,0.0,-0.24479816386400016,1.1718346354450655,0.17782607677372558,-0.0639076317142566,0.11994965818031555,-0.09
2020-10-13,1.3569200038909912,0.20119209996131227,1.6033557295570233,0.3274816103804697,0.012881459326444213,0.09,0.0,0.17112555294079262,-0.5834517872136207,0.16521375971867536,0.14699020288608713,0.44889556344864157,-0.09
2020-10-14,1.3602800369262695,0.20165740408172037,1.5972665191991384,0.32857006782490494,0.012897316973380814,0.09,0.0,0.24731596477596585,0.23100652857161344,-0.38050211686032337,0.3318209462153579,0.12302871751825487,-0.09
2020-10-15,1.3576200008392334,0.20221937094088968,1.5943864633068756,0.3272951008312923,0.012912620451282181,0.09,0.0,-0.19574207287987483,0.27828647577444654,-0.18047429903986117,-0.38878984905749586,0.11858594961286237,-0.09
2020-10-16,1.3601399660110474,0.202284388243704,1.5923341176564918,0.3275078271105297,0.012909452905578423,0.09,0.0,0.1854443309727656,0.03214669920759554,-0.12880614299215165,0.06497414035390854,-0.02453362807757948,-0.09
2020-10-19,1.3573999404907229,0.20269986986417057,1.5902621102526382,0.3273209535041784,0.0128752588553571,0.09,0.0,-0.20165491901615534,0.2051841561320762,-0.13020864402644652,-0.0570755644701284,-0.26522747730023377,-0.09
2020-10-20,1.358199954032898,0.20330204762261977,1.5984464601508108,0.32759285673538824,0.012877594939918248,0.09,0.0,0.05891984065343551,0.2966381064131296,0.513334328914541,0.08303481850016613,0.018142335495150576,-0.09
2020-10-21,1.356660008430481,0.20323885597084745,1.6049070759297166,0.32714252763258217,0.012862140961416428,0.09,0.0,-0.1134456869869548,-0.03108747568704013,0.40336631382638166,-0.1375606648336786,-0.12007877950240708,-0.09
2020-10-22,1.355329990386963,0.20380901818800304,1.6066026897036636,0.32729535324987397,0.01294785775140154,0.09,0.0,-0.09808429608715671,0.28014522430622346,0.10559606261517608,0.04670439304757112,0.6642162681117028,-0.09
2020-10-23,1.3567500114440918,0.20299993257857005,1.6030034780710025,0.3275986991896129,0.012931158130641595,0.09,0.0,0.10471823736286237,-0.39777230796246055,-0.22427755638559302,0.09263970570614374,-0.12905918180202736,-0.09
2020-10-26,1.3575600385665894,0.20305428762958574,1.6085023918011243,0.3267292346609068,0.01296829529130873,0.09,0.0,0.059685675668571,0.02677231198952388,0.34245113207782235,-0.2657581911024615,0.28677969001300924,-0.09
2020-10-27,1.3609000444412231,0.20277741502858765,1.6071471823878343,0.32690367752201377,0.012981723471202734,0.09,0.0,0.24572790869006428,-0.13644702576998963,-0.08428838169446551,0.053376401951966086,0.1034926503556148,-0.09
2020-10-28,1.3616100549697876,0.20309200558799317,1.604536925185812,0.3273101213734011,0.013024153032834893,0.09,0.0,0.05215852421004238,0.1550206083168391,-0.1625476036448346,0.1242541518892763,0.3263077810400767,-0.09
2020-10-29,1.3643499612808228,0.20278986839226448,1.602930117577685,0.3284424711553108,0.013079134634034817,0.09,0.0,0.20102328848355305,-0.14887940107954856,-0.10019169151973459,0.3453591858576533,0.4212625107700084,-0.09
2020-10-30,1.3660900592803955,0.2034688730244621,1.5954150072047923,0.3288217732029569,0.013065880292630628,0.09,0.0,0.12745918035533166,0.3342723221583827,-0.46993829059219444,0.11541844638862571,-0.10139097320721038,-0.09
2020-11-02,1.3675700426101685,0.20444754687729783,1.5921416016776533,0.3295349424537994,0.013076783502255334,0.09,0.0,0.10827852909340809,0.4798413022364718,-0.20538657532976035,0.21665140275395717,0.08341315439340398,-0.09
2020-11-03,1.3645999431610107,0.20398521866850547,1.5887763368691594,0.32842355577737825,0.013030317145320571,0.09,0.0,-0.21741697146229924,-0.2263914383259936,-0.21159087590765696,-0.3378291294713551,-0.3559675708746004,-0.09
2020-11-04,1.3579599857330322,0.20339094597890492,1.59726171765206,0.32690420060955716,0.012989114998679491,0.09,0.0,-0.4877740631177632,-0.2917564466057088,0.5326616129843146,-0.463694044802545,-0.3167031536390154,-0.09
2020-11-05,1.3575999736785889,0.20408899335531858,1.5928288760354974,0.32591523711872916,0.012999099251817057,0.09,0.0,-0.026514756583066186,0.3426171410541521,-0.277913390826769,-0.302982475770963,0.07683678095420185,-0.09
2020-11-06,1.3508800268173218,0.2045176625824748,1.5964075437268406,0.3260632357641439,0.013039005320317786,0.09,0.0,-0.49621637588910866,0.20982006934688002,0.22442169361714254,0.04539985723836188,0.3065207733147705,-0.09
2020-11-09,1.346909999847412,0.20375619616340285,1.601881428513252,0.32644450400093655,0.01304475435429968,0.09,0.0,-0.29431718528527706,-0.37301790731647416,0.34230116032151847,0.11686245448089215,0.044081329890360656,-0.09
2020-11-10,1.3468999862670898,0.20321057359666989,1.5930218563257768,0.32811205359533474,0.012810903611236065,0.09,0.0,-0.0007434511249088159,-0.2681412509292656,-0.5546080182651011,0.5095215020547629,-1.8089434831609974,-0.09
2020-11-11,1.3484100103378296,0.20384743532065222,1.5936580155995586,0.3284799035499568,0.012810279146609546,0.09,0.0,0.11204827872310479,0.31290982104287063,0.03992614933411168,0.11204827872310479,-0.004874596403647707,-0.09
2020-11-12,1.3486100435256958,0.20338572875552963,1.5887027869727888,0.32677734211166654,0.012793340907964164,0.09,0.0,0.01483364485528311,-0.22675302685597445,-0.311418656707914,-0.519663164667283,-0.1323112987954413,-0.09
2020-11-13,1.3487000465393066,0.20402082225953702,1.5919237179284664,0.32671998972397387,0.012833762427804247,0.09,0.0,0.006673538498660831,0.3117740826047119,0.2025344410443163,-0.017552447438103216,0.31545940117834226,-0.09
2020-11-16,1.3466399908065796,0.20386955723893863,1.5951292341720347,0.32677506718937865,0.01286483968257358,0.09,0.0,-0.15286057457068286,-0.07416945097786531,0.20115871136547536,0.01685627609651508,0.24185961388091612,-0.09
2020-11-17,1.3451299667358398,0.204309061579264,1.5952490817074931,0.32688457874940036,0.012867008752774514,0.09,0.0,-0.112195637291251,0.2153491093917873,0.007513061063523475,0.033507211811756074,0.01685903141797057,-0.09
2020-11-18,1.3423999547958374,0.2047871065489657,1.5925780938780179,0.3272151047600495,0.012885266583557984,0.09,0.0,-0.20316148721778593,0.2337079760373877,-0.16757423206424443,0.10106289518694543,0.14179588874479984,-0.09
2020-11-19,1.3424899578094482,0.2046634519868723,1.5905336493835875,0.3285987114249746,0.012921727858092995,0.08,0.0,0.006704409981346804,-0.06040024284976547,-0.12845573391410628,0.42195168312292863,0.2825691219328878,-0.09
2020-11-20,1.3451000452041626,0.2043479698670551,1.596159972819905,0.3283134013001814,0.012955454704946521,0.08,0.0,0.19423261824625349,-0.15426570776547635,0.3531139136380615,-0.08686402250960006,0.26066876383227233,-0.08
2020-11-23,1.3433799743652344,0.20472423321572333,1.5941188545898515,0.3284547492046496,0.012939884190353234,0.08,0.0,-0.1279586280056469,0.18395943402770032,-0.1279586280056469,0.04304347174628843,-0.12025729057051945,-0.08
2020-11-24,1.3436199426651,0.20405801141121424,1.5912126662769452,0.32867416868721755,0.01285453167233333,0.08,0.0,0.017861429692115578,-0.32595466321250816,-0.18247325907839396,0.06678126156020701,-0.6617930794746447,-0.08
2020-11-25,1.3413000106811523,0.2035294864185486,1.596215684596132,0.32834761276760954,0.012833810190260003,0.08,0.0,-0.17281204666159455,-0.2593432289818751,0.31392218911682673,-0.09940490733047087,-0.1613298879198978,-0.08
2020-11-26,1.3394999504089355,0.20364879933089833,1.5966843024048671,0.32790696154229565,0.012830459107578627,0.08,0.0,-0.1342927908736813,0.058604753711250734,0.029353741990525192,-0.13429279087367016,-0.026114771954199374,-0.08
2020-11-27,1.3386199474334717,0.2036078683315871,1.5950991634860259,0.32930379547123184,0.012841464946699556,0.08,0.0,-0.06571796937430402,-0.020100836990095326,-0.09932622723952099,0.4250800880379853,0.08574222774984952,-0.08
2020-11-30,1.3375300168991089,0.2033956772276619,1.6012187872978956,0.3288738740481576,0.012850733147777241,0.09,0.0,-0.0814551209127062,-0.10426991384486904,0.38291755598505817,-0.13063994849081803,0.07214798395713724,-0.08
2020-12-01,1.339669942855835,0.20366535683481837,1.599319500634948,0.32903598197071776,0.012844513337633047,0.09,0.0,0.15986302440092387,0.13250084092807995,-0.11868546569537108,0.049279676952016814,-0.04841214711994831,-0.09
2020-12-02,1.337299942970276,0.20352163786180608,1.6147065985514786,0.32837320265478565,0.012820561669922351,0.09,0.0,-0.17706590704033984,-0.07059114404546998,0.9575040774856565,-0.20163379398488754,-0.18664800049956967,-0.09
2020-12-03,1.3375999927520752,0.20382787096680435,1.6204493579796801,0.32840658182797333,0.012805146474251686,0.09,0.0,0.022434467850582413,0.15035401101573098,0.3550224803514809,0.01016449470737096,-0.12031041205451035,-0.09
2020-12-04,1.3336900472640991,0.2038844981634035,1.6198533038438259,0.3282929347111629,0.012845805576351706,0.09,0.0,-0.29273858110670486,0.027778012761331017,-0.03679002888217153,-0.034611603962770604,0.3170185346107744,-0.09
2020-12-07,1.3339200019836426,0.20425688106620046,1.6168923367893626,0.32871364542704595,0.012801781483206223,0.09,0.0,0.017240504861490143,0.18247745760548167,-0.18295956551288767,0.12806896798430994,-0.3433004148146202,-0.09
2020-12-08,1.336590051651001,0.2047253017088631,1.619029714284892,0.3284004902401279,0.012852074439232393,0.09,0.0,0.19996558735546846,0.22906662794311353,0.132103170139848,-0.0953122733563067,0.39208936550810547,-0.09
2020-12-09,1.337630033493042,0.20479048425284685,1.6199952585660071,0.3286560140234639,0.012845152984614536,0.09,0.0,0.07777833247503213,0.03183395940703286,0.05961944213511161,0.07777833247503213,-0.0538692729069503,-0.09
2020-12-10,1.337649941444397,0.2044648471995748,1.615714419262602,0.3292271412457784,0.012828466901268298,0.09,0.0,0.0014882891915491865,-0.15913641043489196,-0.26459987002918123,0.1736257757069392,-0.12998623310515267,-0.09
2020-12-11,1.3350000381469729,0.20399119770467664,1.6212632666370161,0.32910145493815346,0.012814114226204355,0.09,0.0,-0.19829788307404753,-0.23192199655849619,0.34284158545154325,-0.03818345728274793,-0.11194408621682475,-0.09
2020-12-14,1.3347400426864624,0.20391096868960948,1.6194940194908298,0.3295654271177397,0.012841570577751243,0.09,0.0,-0.019477211523248165,-0.039337381711370197,-0.1091872772782071,0.14088221799713335,0.21403725715060695,-0.09
2020-12-15,1.333899974822998,0.20365818571088687,1.6205412676471838,0.3292767059699281,0.012824727886034261,0.09,0.0,-0.06295850213600494,-0.1240442307306003,0.06464424612784543,-0.08764502201479882,-0.13124365524199366,-0.09
2020-12-16,1.3322999477386477,0.20376855453572906,1.6193175126618657,0.32871945633269284,0.012855818681260435,0.09,0.0,-0.12002305325176608,0.05417848984339727,-0.07554372745836699,-0.16937781780030758,0.24213511449215877,-0.09
2020-12-17,1.3285000324249268,0.2034051442459219,1.6207149649654298,0.3281057304311861,0.012838850466445595,0.09,0.0,-0.2856222132711803,-0.1785038608294065,0.08626162854034336,-0.18687653655281622,-0.13207577948494403,-0.09
2020-12-18,1.3259799480438232,0.20299442863893186,1.6260115913512436,0.32878253175111205,0.012857239728306519,0.09,0.0,-0.18987411144683397,-0.20212410357776903,0.3262751570069187,0.20606291766065932,0.14312889518122568,-0.09
2020-12-21,1.331279993057251,0.20368421647794901,1.6263086946646297,0.32968795389865735,0.012867954644272301,0.09,0.0,0.39891107074251686,0.3392302540543001,0.018270237128237984,0.2750078364678298,0.0833029008855819,-0.09
2020-12-22,1.3325799703598022,0.20350324422134788,1.6306656221296263,0.33000988982440393,0.012895103711854872,0.09,0.0,0.09760103185603652,-0.08888892020702555,0.2675446374533817,0.09760103185601433,0.21075974177357729,-0.09
2020-12-23,1.3349100351333618,0.20404604216855,1.6268083021408302,0.3288765780032283,0.012893446396379536,0.09,0.0,0.17470096318132497,0.26637184079373366,-0.23682902036250547,-0.3440085641959528,-0.012853110940021093,-0.09
2020-12-24,1.3319100141525269,0.20366842550622388,1.6237854800768332,0.3279758819726429,0.012862233361315836,0.09,0.0,-0.22498872746552476,-0.18523589435221047,-0.18598589290859116,-0.27424624249323415,-0.24237799691541437,-0.09
2020-12-25,1.3273799419403076,0.20330525064990881,1.6173752978414768,0.32702141831740744,0.012805996387017644,0.09,0.0,-0.340698206583337,-0.1784758936494109,-0.39554906604975526,-0.29144069155564495,-0.43818420538723263,-0.09
2020-12-28,1.3286199569702148,0.203128048213275,1.6215933180528737,0.3274075722632127,0.012832816529832073,0.09,0.0,0.0933746360842365,-0.08719878433073758,0.2604546753041666,0.11801249522239995,0.20921524474853512,-0.09
2020-12-29,1.329300045967102,0.20339372180963766,1.6248626235766466,0.3284249541983051,0.012820067776001648,0.09,0.0,0.0511745282760568,0.13070573522827345,0.2014077312440194,0.31025687508534816,-0.0993943193911448,-0.09
2020-12-30,1.3271700143814087,0.20324195585597998,1.6261748714708801,0.32785821656535646,0.01281559341659984,0.09,0.0,-0.16036559748763599,-0.07464468517652195,0.08072795023117763,-0.172711353596639,-0.03490730676790706,-0.09
2020-12-31,1.3229399919509888,0.20283646164345856,1.6272024948467134,0.32786618140753354,0.012829006349456018,0.09,0.0,-0.31923399501683647,-0.1997123362500131,0.06317271526184422,0.00242932616266278,0.10460630465383121,-0.09
2021-01-01,1.3215999603271484,0.2023362881268229,1.609744271593172,0.32875621059643667,0.012802975867473546,0.09,0.0,-0.1013432780529968,-0.24689408208896613,-1.0786950664943735,0.27109332390180224,-0.20310946465940047,-0.09
2021-01-04,1.3206700086593628,0.20218462883461716,1.6179128922330221,0.32852487933469593,0.012792355882561167,0.09,0.0,-0.07039036261234337,-0.07498217914196405,0.5061651634884405,-0.07039036261233225,-0.0829837692711441,-0.09
2021-01-05,1.320289969444275,0.20436344211415897,1.6175663051494382,0.32974273421795913,0.012802811824914181,0.09,0.0,-0.028780384470959833,1.0718703620207943,-0.021424157830474137,0.37001859052405617,0.08170247645298837,-0.09
2021-01-06,1.3172099590301514,0.20405408340188347,1.6202043901734555,0.32807222984620665,0.012828550819273081,0.09,0.0,-0.23355540456665128,-0.15149142831154694,0.1629569142504936,-0.5078960054160755,0.200839911385779,-0.09
2021-01-07,1.3174500465393066,0.2039175382517029,1.6258793733354653,0.3287051098789645,0.012787797212320718,0.09,0.0,0.01822531251183778,-0.06693855554251159,0.3496514173468091,0.19272291851915702,-0.31818463182222206,-0.09
2021-01-08,1.3242199420928955,0.2044432680321442,1.6250091919162628,0.32798017916322547,0.012758646598053817,0.09,0.0,0.51254777496352,0.25748311924471146,-0.05353499035842109,-0.22078490939705686,-0.22821671098601026,-0.09
2021-01-11,1.3286199569702148,0.20521445961953044,1.619083567705957,0.3296823542928298,0.012764022954368612,0.09,0.0,0.3317214064559941,0.3765057736463497,-0.3653182100222995,0.5176450972702542,0.04213004743312907,-0.09
2021-01-12,1.33024001121521,0.20529345387078704,1.6176652034578183,0.3288603179543038,0.012775046406997519,0.09,0.0,0.12186083245168794,0.03848610447482689,-0.08764129929156632,-0.24965330270192185,0.08632619425169745,-0.09
2021-01-13,1.3230199813842771,0.20470995192155872,1.6152611362464313,0.3264700940425297,0.012751754138655374,0.09,0.0,-0.5442397407201571,-0.28463292495912895,-0.14872393626715305,-0.7294746183972728,-0.1824927081228889,-0.09
2021-01-14,1.3251999616622925,0.20491726613559577,1.6117732717101916,0.3278575016563073,0.01276231003753603,0.09,0.0,0.16463744079498752,0.10122092605123821,-0.216165398534283,0.42407188757540354,0.0827457312175086,-0.09
2021-01-15,1.324180006980896,0.20456658618828993,1.609045447094175,0.3280921904914932,0.012753592187240979,0.09,0.0,-0.07699573061296845,-0.17127905339696445,-0.16938707244297113,0.07155696481283277,-0.06833268569127325,-0.09
2021-01-18,1.331380009651184,0.20546938769803272,1.6067244520382218,0.33003967181215027,0.012813065850631477,0.09,0.0,0.5422600331340988,0.44035305490083954,-0.14435084174424578,0.5918227384146305,0.4652447776265379,-0.09
2021-01-19,1.330590009689331,0.20497736356656637,1.6069927522986234,0.3288655483032152,0.012830776082651098,0.09,0.0,-0.059354536625587706,-0.23975064518428854,0.016697191692089098,-0.35638653809860765,0.1381246607383594,-0.09
2021-01-20,1.3279099464416504,0.20499080576344406,1.611932431308617,0.3282437304544492,0.012781022607744991,0.09,0.0,-0.20162228322824025,0.006557678321449248,0.3069150480829541,-0.18925863763425593,-0.3885204478801531,-0.09
2021-01-21,1.3247599601745603,0.20489991575292052,1.6050302978183024,0.3276675458019579,0.012792814989817035,0.08,0.0,-0.23749564465873324,-0.04434841153611133,-0.42910935951139606,-0.17568985975926427,0.09222223972319875,-0.09
2021-01-22,1.322710037231445,0.20470951042681845,1.609247900384389,0.3283788672583803,0.01277906671448951,0.08,0.0,-0.15485904314603985,-0.09296921781917503,0.2624293683706581,0.2168510401114919,-0.10752651534322472,-0.08
2021-01-25,1.328160047531128,0.20493766455012916,1.616297323315166,0.3287117915138921,0.012798211955087754,0.08,0.0,0.4111871049311549,0.11139056282491035,0.4371003142439094,0.10133283118712029,0.14970509115692887,-0.08
2021-01-26,1.3274500370025637,0.20489450106018198,1.6123527365051873,0.32833291228248956,0.012793465783276524,0.08,0.0,-0.05347249956740399,-0.021063983615095167,-0.24434910563476253,-0.11532830908089259,-0.03709152572305794,-0.08
2021-01-27,1.3248399496078491,0.20496619381807685,1.6114018972594693,0.3274039002013404,0.01278766049432628,0.08,0.0,-0.196817712275326,0.034983963830615986,-0.05898955604944061,-0.28334925995441684,-0.04538728269351527,-0.08
2021-01-28,1.3301500082015991,0.20520356152579358,1.6101562600055814,0.32891937667339594,0.012772342231790803,0.07,0.0,0.4000064601702719,0.11574121744591157,-0.07733135676314981,0.46180875150967404,-0.11986121076401848,-0.08
2021-01-29,1.32860004901886,0.2060356126751841,1.6102681857080372,0.32853610290343593,0.012739354731986164,0.07,0.0,-0.11659308509377475,0.40465614025529395,0.006950990739742956,-0.11659308509377475,-0.258607008666206,-0.07
2021-02-01,1.3299299478530884,0.20693502125244917,1.6123881487398108,0.32919058426007736,0.012703990847364515,0.08,0.0,0.10004769152304148,0.43558060811927773,0.1315662061083862,0.199013233133945,-0.27798158291611613,-0.07
2021-02-02,1.33201003074646,0.20595438539397143,1.6075622571499082,0.32970545626824876,0.012700203779569624,0.08,0.0,0.15628326209218338,-0.47501228492980135,-0.29974966039573836,0.15628326209218338,-0.0298145080256093,-0.08
2021-02-03,1.3315000534057615,0.20622948863121054,1.6030001885711724,0.329334647672438,0.0126775722183924,0.08,0.0,-0.03829362989573348,0.13348570646484162,-0.28419142915403606,-0.11252991516695274,-0.17835737204510824,-0.08
2021-02-04,1.3320000171661377,0.20621749391182173,1.6040462242854119,0.3289701376739296,0.012686318227745358,0.08,0.0,0.037541862436741194,-0.005816369084936744,0.06523358983146188,-0.11074202827461183,0.06896426018058902,-0.08
2021-02-05,1.336400032043457,0.2065309898474146,1.5992340424616032,0.3294871684844515,0.012658659964894032,0.08,0.0,0.3297870472220802,0.15190655239812406,-0.3004536002560716,0.15704311029645798,-0.21825446934918247,-0.08
2021-02-08,1.333490014076233,0.20624062100558455,1.6066919498243237,0.327799918042145,0.012651707730277599,0.07,0.0,-0.21798793727778282,-0.14069227732358472,0.46525845161866536,-0.5133994514490088,-0.054935865610558424,-0.08
2021-02-09,1.3325999975204468,0.206668735573975,1.6062621708307887,0.3279842311614417,0.01266609646532273,0.08,0.0,-0.0667656819519508,0.20736498942306109,-0.02675288721588197,0.056211521542191854,0.11366496464796712,-0.07
2021-02-10,1.325659990310669,0.20603338868099036,1.6066989765058395,0.3276065545102677,0.012676643834537085,0.08,0.0,-0.5221477966143093,-0.30789635311737235,0.02719022469996655,-0.11521720597934251,0.08323780063668652,-0.08
2021-02-11,1.3264800310134888,0.20542650385142813,1.6078546309644537,0.32821477198182086,0.012679635406969482,0.08,0.0,0.06183992718028418,-0.2949912157506652,0.07190139904440787,0.18548272871258636,0.023596304629596224,-0.08
2021-02-12,1.3242000341415403,0.20508293601827499,1.6064540930326388,0.32777228877352993,0.012642614335302066,0.08,0.0,-0.172031129989561,-0.16738612075760428,-0.08714396411212591,-0.13490609857155333,-0.29239975453200373,-0.08
2021-02-15,1.3250199556350708,0.20520038798587772,1.6062015710883344,0.3279752396401815,0.012612151072239348,0.08,0.0,0.061899089005356775,0.05725407977339756,-0.015720448826468385,0.061899089005356775,-0.2412477593509885,-0.08
2021-02-16,1.3219000101089478,0.20471721486102587,1.6037550578690798,0.327770893282827,0.012543292788427952,0.08,0.0,-0.2357416930926021,-0.2357416930926021,-0.15243281924160365,-0.062324839967656934,-0.5474636518100091,-0.08
2021-02-17,1.3287700414657593,0.205784339571924,1.6068129195362246,0.32992426843533484,0.012523397841841151,0.08,0.0,0.5183630256720523,0.5199137996744698,0.19048732892724385,0.6548270300715088,-0.15873615753845804,-0.08
2021-02-18,1.327399969100952,0.20555623530513298,1.59925212863871,0.3288084989221259,0.012539083971770785,0.07,0.0,-0.1031615055409079,-0.11090775095108803,-0.47165636381845927,-0.33876273826004155,0.12517620636709842,-0.08
2021-02-19,1.3266700506210327,0.20450581066288834,1.604195856833499,0.32842430324173694,0.012556979946012495,0.07,0.0,-0.05500371074597109,-0.5123258541879124,0.3086506877540074,-0.1169131312028476,0.14261979355620955,-0.07
2021-02-22,1.3233599662780762,0.20403959561549181,1.6047534548008002,0.3279702642682446,0.0125420320245994,0.07,0.0,-0.24981498649446482,-0.22823179142738553,0.034752681875748134,-0.13834332835193866,-0.11911164629019695,-0.07
2021-02-23,1.3207999467849731,0.20436012991785588,1.6069904728024227,0.32697112747929924,0.012580964072575177,0.07,0.0,-0.19363581456260784,0.15697090283861817,0.13930241101378227,-0.305107472705127,0.30993181696602756,-0.07
2021-02-24,1.3195500373840332,0.20416990159211085,1.603536326884182,0.3265404784726484,0.012533363157754765,0.07,0.0,-0.09467756182329443,-0.09312820347158265,-0.21517635369542698,-0.13179538513629563,-0.37907423427952286,-0.07
2021-02-25,1.3186700344085691,0.20425496666608314,1.6050023765092476,0.32640347694551325,0.012446859013910983,0.07,0.0,-0.06671187271372202,0.04165518890418195,0.09138426321870104,-0.041964253749128023,-0.6925838291543692,-0.07
2021-02-26,1.3281199932098389,0.20578883010949714,1.6150497482698256,0.3289868551462798,0.012484795125374839,0.07,0.0,0.7140724316650418,0.7481496415847545,0.6240522810432101,0.7883520564703244,0.3043210894032619,-0.07
2021-03-01,1.3291200399398804,0.2051776091245575,1.6068476512442373,0.32801580082046117,0.012479649028719456,0.07,0.0,0.07526958534271098,-0.29745564467582997,-0.5091481029482876,-0.2956015547551532,-0.04122740884201259,-0.07
2021-03-02,1.327280044555664,0.2053595781652674,1.5995179186083988,0.3273193836606067,0.012421784263444355,0.07,0.0,-0.13853302363775133,0.08864924214450615,-0.4571996077193939,-0.21253777868261983,-0.46475131571526684,-0.07
2021-03-03,1.3288999795913696,0.20540999555924902,1.6060377616401667,0.3276380432325278,0.01244777852080882,0.07,0.0,0.12197480756740636,0.02454777445059598,0.40678451242985486,0.09730696499670279,0.20904482363565563,-0.07
2021-03-04,1.3330999612808228,0.20614522134606433,1.6064735510700388,0.3291198590054711,0.012452128547153975,0.07,0.0,0.31555110952397436,0.35729182318995467,0.027130764073635377,0.45125251859061055,0.034940101403094434,-0.07
2021-03-05,1.3375799655914309,0.20676766022362775,1.6007802958110917,0.32985943827757247,0.012390162038852919,0.07,0.0,0.3354957265882869,0.3014870093980269,-0.3550240492748226,0.224462160092355,-0.4988802188410593,-0.07
2021-03-08,1.3407299518585205,0.20640269349097484,1.5989051697546586,0.32925587992790767,0.012366190130039383,0.07,0.0,0.23522204797563873,-0.17666651263656263,-0.11720691244655869,-0.18314200920336726,-0.19366275081455175,-0.07
2021-03-09,1.3503700494766235,0.20696595093589323,1.6004195938364774,0.3289573795864213,0.012395652726798155,0.07,0.0,0.7164459773615075,0.27252081216630586,0.09467148894442202,-0.09070019712764299,0.23796783488757187,-0.07
2021-03-10,1.3434699773788452,0.20650977349062158,1.5984479591983958,0.32652083179776586,0.012373430232292594,0.07,0.0,-0.5122863361807045,-0.22065509697977967,-0.12327080474968026,-0.7434447000263444,-0.1794374099750854,-0.07
2021-03-11,1.343790054321289,0.2065812016686405,1.6026118840952677,0.32576728589607007,0.012392928878509533,0.07,0.0,0.02382180661207107,0.034582299312279595,0.2601592878151278,-0.23104705312722443,0.15746077296572633,-0.07
2021-03-12,1.3394700288772583,0.20629447444658103,1.6055016228403076,0.32630207616407797,0.012339091014800484,0.07,0.0,-0.32199854227270414,-0.13889278770383612,0.18015195038080906,0.16402868131223058,-0.43537041439798235,-0.07
2021-03-15,1.3441400527954102,0.20683851344499574,1.6062474335934667,0.3265646247548911,0.012318338046716365,0.07,0.0,0.3480407726992025,0.2633724872316283,0.0464426549808055,0.08042946733135496,-0.16833038783287635,-0.07
2021-03-16,1.3446999788284302,0.20691193770190594,1.6036587535140825,0.3271775997920944,0.012321549157350892,0.07,0.0,0.0416481482370229,0.035492049605001186,-0.16129322725982465,0.18752810934444794,0.026064329159568453,-0.07
2021-03-17,1.3450000286102295,0.20676402843166244,1.600771375374734,0.327131241272772,0.012336167780063733,0.07,0.0,0.022311022211700553,-0.0715097267694271,-0.18021169472506043,-0.014170225584758599,0.11857240848930214,-0.07
2021-03-18,1.3396300077438354,0.2060145123455473,1.6052508564818169,0.32523185758463397,0.012302486174345303,0.07,0.0,-0.4000572112916716,-0.3631569162681276,0.27944185648562886,-0.5823103908152474,-0.27340476278964615,-0.07
2021-03-19,1.3437999486923218,0.20658590289640022,1.6015731356190346,0.32703817992809264,0.012336249109106695,0.07,0.0,0.31079211104426835,0.2769705967417152,-0.2293685268797387,0.5538586343463227,0.27406403377494376,-0.07
2021-03-22,1.3443299531936646,0.2068518138484691,1.5974830067338104,0.32748597976793303,0.012347915662224228,0.07,0.0,0.03943295358149673,0.12863412212547168,-0.2557086172854309,0.13683220185990466,0.09452662542410094,-0.07
2021-03-23,1.3400800228118896,0.2059665291285261,1.599121656478701,0.32601388367029016,0.012319629429111216,0.07,0.0,-0.3166382162613335,-0.4288986146573933,0.10252440079840354,-0.4505275884489034,-0.22933976937149475,-0.07
2021-03-24,1.3463499546051023,0.20665703414016048,1.594105972352622,0.32678397864139824,0.012406468819137434,0.07,0.0,0.4667862725263188,0.33469036558995613,-0.3141453622448853,0.23593684134211226,0.7024136699434103,-0.07
2021-03-25,1.3462899923324585,0.20665735941442703,1.5903817356954022,0.3260176827549607,0.012375126215669566,0.07,0.0,-0.004453790617038034,0.00015739798643021468,-0.23389874268984726,-0.23477153436429285,-0.25295078977561364,-0.07
2021-03-26,1.347480058670044,0.20588560366735056,1.586876241645598,0.3251641026313724,0.012341934329165475,0.07,0.0,0.08835694157085364,-0.37414607273780054,-0.22066168357775082,-0.2621635406978813,-0.2685748687280204,-0.07
2021-03-29,1.3462599515914917,0.20583440376547152,1.586971855165089,0.32486967525134636,0.012262024638640729,0.07,0.0,-0.0905883386920724,-0.024871223753349818,0.006025084793208261,-0.09058833869206129,-0.649570027374149,-0.07
2021-03-30,1.3480199575424194,0.20521868726662476,1.5867551795820987,0.32568735864237697,0.012273025014753665,0.07,0.0,0.1306476135092293,-0.2995802599595051,-0.01365433012700262,0.2513795959522737,0.08967071194425683,-0.07
2021-03-31,1.347059965133667,0.20500075251883365,1.5792397867951422,0.32467098352343227,0.012212138719068202,0.06,0.0,-0.07124036962884159,-0.10625277456791898,-0.47475798179549167,-0.31255874815076673,-0.4973331756671698,-0.07
2021-04-01,1.3450299501419067,0.20531047258499285,1.5775628084103346,0.32457286023355353,0.012144739956134598,0.07,0.0,-0.150813341338129,0.15096838986336023,-0.10624538544814595,-0.030226945259284908,-0.5534283424245748,-0.06
2021-04-02,1.3446999788284302,0.20484734913516786,1.5840498065219037,0.3244932339523701,0.012156798852235235,0.07,0.0,-0.024535646614770784,-0.22582704613647064,0.41036066114652875,-0.024535646614770784,0.09924389714986927,-0.07
2021-04-05,1.3450000286102295,0.20482753222018324,1.5828184977097521,0.32507555060144294,0.012152479782384032,0.07,0.0,0.022311022211700553,-0.009674459383262671,-0.07776192477301111,0.17929334626701016,-0.035534332067752805,-0.07
2021-04-06,1.3408600091934204,0.20421572671570676,1.584753686238244,0.3238792397188319,0.012168286547588392,0.07,0.0,-0.30828283211889834,-0.29913997961735744,0.12218750872134586,-0.3686889304435802,0.12998576784575092,-0.07
2021-04-07,1.3389099836349487,0.20477326879337188,1.5898523375678764,0.3242697803396434,0.012194857527954689,0.07,0.0,-0.14553681158350085,0.2726442174047127,0.3212150216656021,0.12050952974978538,0.2181244819545708,-0.07
2021-04-08,1.340000033378601,0.20486165051852487,1.5910711303308744,0.32453377881247114,0.012198230941566846,0.07,0.0,0.08138009838990912,0.043151461146370244,0.07663138298932873,0.0813800983899313,0.027658766030206342,-0.07
2021-04-09,1.3396600484848022,0.20452824572124204,1.5962967062347815,0.32398064675490135,0.012253361621222238,0.07,0.0,-0.025375225605978192,-0.16287889567089775,0.3278931616118785,-0.1705843909997619,0.45093809685483055,-0.07
2021-04-12,1.341130018234253,0.2046901722930831,1.5960133848810474,0.3245323563277875,0.012226101840113085,0.07,0.0,0.109666916109945,0.07913943906927946,-0.017750240195432806,0.17014607366764092,-0.22271560338806762,-0.07
2021-04-13,1.339900016784668,0.20463048853541618,1.5964494313071782,0.3243917367771048,0.012250626383374458,0.07,0.0,-0.09175589380315254,-0.02916234815466194,0.027317244018087685,-0.04333929172236324,0.20039076500969252,-0.07
2021-04-14,1.3399200439453125,0.2047993171257097,1.6017595877310669,0.324278812643155,0.012301421171155869,0.07,0.0,0.0014946645812899707,0.08247010722129515,0.3320709354465423,-0.03481709943251512,0.4137729054100242,-0.07
2021-04-15,1.3357000350952148,0.20460777749810122,1.6009828721369104,0.3236491596827987,0.012266057537914017,0.07,0.0,-0.31544182093487905,-0.09356928304295159,-0.0485031574730902,-0.19435899836447074,-0.28789000357181654,-0.07
2021-04-16,1.3341000080108645,0.20457578104726354,1.5971507345855402,0.3235750572655617,0.012274470933593337,0.07,0.0,-0.11986120683766324,-0.015639167427272616,-0.23964848606428305,-0.02289853056185781,0.06856735802342462,-0.07
2021-04-19,1.334920048713684,0.2050222061659643,1.5978264501857495,0.3237347133992922,0.012278626799182065,0.07,0.0,0.06144882475177619,0.21798217247520793,0.04229861881360865,0.04932912932986728,0.03385206765881035,-0.07
2021-04-20,1.329300045967102,0.20421550682910078,1.6011805175621987,0.3225673638101061,0.012297175259681235,0.07,0.0,-0.4218878983490177,-0.39424537676779303,0.2096943607375002,-0.3612400144724705,0.150949002410782,-0.07
2021-04-21,1.3287999629974363,0.2044779548385269,1.5988642077582538,0.32311243802276707,0.012288569846814505,0.07,0.0,-0.037627100100019885,0.12843271063394224,-0.1447673646654194,0.16883735269285946,-0.07000327369274437,-0.07
2021-04-22,1.3285900354385376,0.20471341791890918,1.5993235340223606,0.32259073943736577,0.012297318722173354,0.07,0.0,-0.015799529572923358,0.11508703362186715,0.02872415907698529,-0.1615908724418253,0.07116989653300787,-0.07
2021-04-23,1.3292900323867798,0.20481179542119377,1.5971092492528953,0.3234439819582022,0.01231074914759471,0.07,0.0,0.052673329613352964,0.04804466292788243,-0.13854726651852256,0.26414772726493224,0.10915466281980965,-0.07
2021-04-26,1.327139973640442,0.20435143641466386,1.6044925990210999,0.3231409823031526,0.01230268616054262,0.07,0.0,-0.1618758417091305,-0.22502471628301107,0.4612292975258696,-0.09372308172224082,-0.06551696046949433,-0.07
2021-04-27,1.3258700370788574,0.2044675844118332,1.6018726840565591,0.3236592366670962,0.012253655149150139,0.07,0.0,-0.09573553461524369,0.056821231096113096,-0.1634196553605237,0.16025179325940475,-0.39933535645001217,-0.07
2021-04-28,1.3266799449920654,0.20466823143149943,1.60399652916729,0.32397558314159897,0.012199355816018992,0.07,0.0,0.0610663658631083,0.09808333955726094,0.1324973216424834,0.09769286331951252,-0.4441123627397932,-0.07
2021-04-29,1.324480056762695,0.20446133021365032,1.6073787863092546,0.32304392379769864,0.01220662725486566,0.06,0.0,-0.16595669313193606,-0.10114215880905894,0.2106423610008936,-0.28798513114508023,0.05958734823916388,-0.07
2021-04-30,1.3253999948501587,0.20481518065240154,1.607324752141352,0.32326829894620146,0.012170351897278074,0.05,0.0,0.06943243516710197,0.1729151405093429,-0.003361689018052847,0.06943243516710197,-0.29762001384775805,-0.06
2021-05-03,1.329800009727478,0.20542211415173328,1.5994516354497108,0.32489617170704793,0.012168407205461123,0.06,0.0,0.3314265514721001,0.29589408366529396,-0.4910309643823547,0.5023034298456347,-0.015980205177108395,-0.05
2021-05-04,1.3295400142669678,0.20540416201178022,1.6035943304859757,0.324119926282049,0.012187887088427808,0.06,0.0,-0.01955338234244544,-0.008739528606658109,0.2586723631360711,-0.23920694649746063,0.15995772497366584,-0.06
2021-05-05,1.3362300395965576,0.2064377217632102,1.6054862047865015,0.32432768852255245,0.012222100362240789,0.06,0.0,0.5019217141240462,0.5019217141240462,0.11790757501458722,0.06407988644553542,0.28032211230138543,-0.06
2021-05-06,1.335199952125549,0.20627219865538254,1.6033045233916992,0.32447145234293334,0.01222497853383659,0.06,0.0,-0.0771188109179338,-0.0802128122021954,-0.13598155291477335,0.04431689676469131,0.023546139163171168,-0.06
2021-05-07,1.3333499431610107,0.2062987257266377,1.609159964933582,0.32366789447841227,0.01222695924665101,0.06,0.0,-0.13865277649007093,0.012859399305209155,0.3645455411409631,-0.24795849231318523,0.016200865849826693,-0.06
2021-05-10,1.3242599964141846,0.20590220089468783,1.6117669770156624,0.32220436822269105,0.01219706750853381,0.06,0.0,-0.6840719594533926,-0.19239401401300282,0.1618796513161273,-0.45319449220157126,-0.2447733401315342,-0.06
2021-05-11,1.325700044631958,0.20665305676466392,1.6095234204478859,0.3229476342197858,0.012179817197764176,0.06,0.0,0.10868453389642112,0.36400297176889124,-0.13929554021656376,0.23041587815684209,-0.1415300917811821,-0.06
2021-05-12,1.3257999420166016,0.2062442577108938,1.6101177418579482,0.32210881571773836,0.012195189133759997,0.06,0.0,0.0075351601126756405,-0.19801494125199062,0.03691848792162655,-0.2600761452551463,0.12612868956512077,-0.06
2021-05-13,1.3330199718475342,0.20650327356470188,1.6100889400784977,0.3233131033181065,0.012155492723606985,0.06,0.0,0.5431016625137982,0.12550814635202528,-0.0017888155821129913,0.3731788346348988,-0.32603970230117046,-0.06
2021-05-14,1.333400011062622,0.2066998395537486,1.6103864737364404,0.32340527872478275,0.01217539012730589,0.06,0.0,0.02850557827326059,0.09514255707854229,0.01847762336658843,0.02850557827326059,0.16355681178053683,-0.06
2021-05-17,1.3324700593948364,0.20703066424251046,1.61900088443997,0.32274919809121916,0.01217846331458735,0.06,0.0,-0.06976721902631744,0.15992282717091472,0.5335024994142334,-0.2030724486382512,0.02523779084984715,-0.06
2021-05-18,1.334969997406006,0.20735143332589737,1.6229060382636362,0.32343306575385045,0.012220300222780676,0.06,0.0,0.18744104383818427,0.15481805287397757,0.24091720124017815,0.21166409423933993,0.3429431916327349,-0.06
2021-05-19,1.3303899765014648,0.2070903714849571,1.6262683236027442,0.3227534949836664,0.01222021184135781,0.06,0.0,-0.34367030774338914,-0.12598240449621068,0.20696251815368383,-0.2103327620873967,-0.0007232370797700846,-0.06
2021-05-20,1.334750056266785,0.20745260383918393,1.6247717490266214,0.322793224276972,0.012214819984889649,0.06,0.0,0.3271935884397145,0.17476231318952434,-0.09206743985937459,0.012308727523628816,-0.044132183612555574,-0.06
2021-05-21,1.3310099840164185,0.20687452539734702,1.6272112283780586,0.32161650726391694,0.012226804855353381,0.06,0.0,-0.28060100293075374,-0.27904463702732074,0.1500302938837121,-0.3652081163120458,0.09806935097494633,-0.06
2021-05-24,1.331439971923828,0.20696387431458174,1.6221247242951902,0.3217204067166689,0.01222412974404799,0.06,0.0,0.03230016851122577,0.043180583863273655,-0.31307986073073435,0.03230016851120358,-0.02188146473656446,-0.06
2021-05-25,1.3281999826431274,0.2069395246754661,1.6223478805965073,0.32043425542941517,0.012202000973483595,0.06,0.0,-0.24364131527510016,-0.011765856092569218,0.013756090979630963,-0.4005742176660073,-0.1811893735793268,-0.06
2021-05-26,1.3252999782562256,0.20675507173237845,1.6233722760410956,0.3201207780185895,0.012180841845421213,0.06,0.0,-0.21857965586952313,-0.08917349025694138,0.06312284665131167,-0.09787681603682243,-0.17355755873805714,-0.06
2021-05-27,1.3246999979019165,0.2072855909697082,1.6151530577589313,0.31997585522301986,0.012134286160304644,0.06,0.0,-0.04528153735538599,0.25626445682925625,-0.507591269621684,-0.04528153735538599,-0.38293643362075014,-0.06
2021-05-28,1.3243800401687622,0.207518026716031,1.6148415696980578,0.32013053258456337,0.012060760620612199,0.05,0.0,-0.02415613949838908,0.11207027168537426,-0.019287218572515034,0.04832864270700662,-0.6077753573994492,-0.06
2021-05-31,1.3229999542236328,0.20777710196185153,1.6127459099175212,0.32026142357417786,0.01203744968148091,0.05,0.0,-0.10426051968877457,0.12476682799208977,-0.12985922694718768,0.04087839960460871,-0.1934662044191135,-0.05
2021-06-01,1.320639967918396,0.2073543690719629,1.615521056679384,0.3203881364031835,0.012061410442319967,0.06,0.0,-0.17854072427769455,-0.2036622446159598,0.17192800187661422,0.03955761107912033,0.19885395916333362,-0.05
2021-06-02,1.322510004043579,0.20726722474904902,1.6158122553256362,0.3206862223085555,0.012078489490202602,0.06,0.0,0.1415005926294042,-0.042035593657331706,0.018023436081847106,0.09299574154036706,0.1415005926294042,-0.06
2021-06-03,1.3226499557495115,0.20730866330060768,1.61493740564822,0.32083686455013805,0.012068524485765099,0.06,0.0,0.010581719683522776,0.019990816104438345,-0.05415769035696231,0.04696393549577578,-0.08253612652163922,-0.06
2021-06-04,1.3272000551223757,0.20728756087815733,1.6102927624976935,0.3220968394277955,0.01203634909292569,0.06,0.0,0.3434235014187975,-0.010179746576505598,-0.2880195284796533,0.39194600714094585,-0.26696188091182554,-0.06
2021-06-07,1.323799967765808,0.20702812990988168,1.6108542111356454,0.32088229375594746,0.012076594021291758,0.06,0.0,-0.25651370739892015,-0.12523349124847477,0.03486016926475346,-0.3777874129031673,0.33380384588082207,-0.06
2021-06-08,1.3224999904632568,0.20676016192917063,1.6126081523240714,0.32052836008117097,0.012102604145066432,0.06,0.0,-0.0982486813771107,-0.12951938150805758,0.10882344285455108,-0.110361032696325,0.21514471760830972,-0.06
2021-06-09,1.3236099481582642,0.20683021646224153,1.6112110581310901,0.32145962436926917,0.012091184963383522,0.06,0.0,0.08389354832972357,0.03387628794137273,-0.0866732399826511,0.29011911869118523,-0.09439763634943611,-0.06
2021-06-10,1.3245799541473389,0.2074031126084587,1.6136038898123957,0.3218124144015937,0.012084480857326494,0.06,0.0,0.07325804177500392,0.2766057056658534,0.14840120497296916,0.10968611922534635,-0.05546160572034804,-0.06
2021-06-11,1.323300004005432,0.20701468599934725,1.6107946457266562,0.32134531185010956,0.012094983459730988,0.06,0.0,-0.09667736164989409,-0.1874565832647627,-0.1742492291557804,-0.14525290283998077,0.08687209052509656,-0.06
2021-06-14,1.3255900144577026,0.20719790691609546,1.6053164838698564,0.32248876291813444,0.012082782806174058,0.06,0.0,0.17290344308894898,0.08846709724990062,-0.34067026506074194,0.3552009174592719,-0.10092458052871105,-0.06
2021-06-15,1.3267300128936768,0.2073922951578131,1.6082939719765363,0.3226091067138901,0.012056688038807224,0.06,0.0,0.0859623646029478,0.09377368543195075,0.18530490858149648,0.037310244791333144,-0.21620007910577765,-0.06
2021-06-16,1.3274500370025637,0.20725214574852974,1.6098108570963066,0.32262729912112237,0.012058519325410825,0.06,0.0,0.05425586154774939,-0.0675998039737683,0.09427195897455276,0.005638989701322754,0.015187815551104097,-0.06
2021-06-17,1.3359099626541138,0.20884361974325175,1.6025023054805132,0.3246439944007843,0.01206021488796113,0.1,0.0,0.6352843104345959,0.764959361424222,-0.45503435416020177,0.6231395785911157,0.014060128845048257,-0.06
2021-06-18,1.3413000106811523,0.2080373470418036,1.5979462327413785,0.3241812864081754,0.01215771627268124,0.1,0.0,0.4026621268731271,-0.38681243376468394,-0.2847148305899026,-0.14262948277021184,0.8052042998047061,-0.1
2021-06-21,1.344499945640564,0.20838176520730048,1.5964141753388503,0.32503323681314383,0.012200433658271986,0.1,0.0,0.238285540662272,0.16541903764883667,-0.09592264643183433,0.2624558950969298,0.35074444902309476,-0.1
2021-06-22,1.3434200286865234,0.20776999957595793,1.6003573920349936,0.32426260870546025,0.012171526102166312,0.1,0.0,-0.0803533604021367,-0.29401104299004194,0.2467000605414403,-0.23737360245017614,-0.23721990308405286,-0.1
2021-06-23,1.343500018119812,0.20732065314248369,1.603700357429787,0.32303439384411126,0.012141450162410942,0.1,0.0,0.005953986863678949,-0.21650528917270176,0.20867080865746798,-0.3794908150369011,-0.24740660928815184,-0.1
2021-06-24,1.3451999425888062,0.2078170758972557,1.6052505159018435,0.3235209103071368,0.012117608276723275,0.1,0.0,0.12644956449911376,0.23916062389192305,0.09661466652674261,0.15049495433001642,-0.19656074800927717,-0.1
2021-06-25,1.3424999713897705,0.20746405980957022,1.6016464213934114,0.32310466993976245,0.012103208591699484,0.1,0.0,-0.20091321156957398,-0.17001310310701792,-0.22477155308042035,-0.12874233175470903,-0.11890339453487836,-0.1
2021-06-28,1.3424299955368042,0.20824814069163025,1.6031504367600178,0.3232045189949028,0.012113389151447222,0.1,0.0,-0.005212489997441413,0.37722338237235425,0.09386026906489878,0.030898231881655445,0.08407919605772073,-0.1
2021-06-29,1.3427300453186035,0.20801072530867618,1.601729788445141,0.32405697925174254,0.012140087374204626,0.1,0.0,0.022348744840733663,-0.11407103996580803,-0.08865531989331446,0.2634053630657506,0.22016005427613447,-0.1
2021-06-30,1.3446999788284302,0.20805805076145578,1.6004522580291933,0.32406314337681846,0.012165376887659922,0.08,0.0,0.14660354650736487,0.022748860623814558,-0.07979124641798677,0.0019021551286290469,0.20809742458800465,-0.1
2021-07-01,1.3446999788284302,0.20828040538469544,1.5943799061088273,0.3241021750853112,0.012100896045689586,0.1,0.0,0.0,0.10681436754068464,-0.3801363527533457,0.012043751008625947,-0.5314453843872875,-0.08
2021-07-02,1.3494499921798706,0.20864772397176548,1.5985903064773908,0.3246992174180026,0.01209488051804008,0.1,0.0,0.3526172131704843,0.1762023985632112,0.2637295388700552,0.1840447656609647,-0.04972378346777358,-0.1
2021-07-05,1.3472800254821775,0.20816737551386108,1.5973632011030077,0.32378757470707054,0.012122913569846043,0.1,0.0,-0.16093321554794918,-0.23048525408279055,-0.07679119435082024,-0.2811601786050737,0.2315079913943721,-0.1
2021-07-06,1.3444000482559204,0.2080212977130439,1.594969848662231,0.32367883046260953,0.012120884667830789,0.1,0.0,-0.213991131662361,-0.07019787717103768,-0.14994380923820025,-0.03359069895063324,-0.016737493028933233,-0.1
2021-07-07,1.346809983253479,0.20790201140033976,1.592538590714824,0.3249240022800754,0.01217708554286887,0.1,0.0,0.17909680875972325,-0.057359764822511414,-0.15254914395575794,0.3839555685914111,0.4625981081892255,-0.1
2021-07-08,1.3487000465393066,0.20840609800423956,1.5905757587449898,0.324206753848397,0.012190536633954089,0.1,0.0,0.14023791970333954,0.24217008454519964,-0.12332778550365542,-0.22098744106630136,0.11040135433687942,-0.1
2021-07-09,1.352300047874451,0.2083956253050914,1.6022056192893788,0.3235941804185716,0.01231591713239943,0.1,0.0,0.26656818519542935,-0.0050252667226166866,0.7285128922650719,-0.1891240286974158,1.0232536590882075,-0.1
2021-07-12,1.350600004196167,0.208490270144658,1.6035618660203,0.3224928221095762,0.012254230813160646,0.1,0.0,-0.12579406339222318,0.04540563364013551,0.08461292455248604,-0.34093221856705813,-0.502125172248421,-0.1
2021-07-13,1.3517400026321411,0.2087758373336122,1.6038679717300397,0.3227650280267061,0.012252345706080513,0.1,0.0,0.08437121166983867,0.13687535528053013,0.019087289584110594,0.08437121166983867,-0.01538449960459384,-0.1
2021-07-14,1.3559800386428833,0.20966060991949545,1.5967171034491656,0.32358432382826124,0.012260771496687204,0.1,0.0,0.31318152628232265,0.4228952378790131,-0.44684831126521807,0.2535149878324936,0.06874516095871393,-0.1
2021-07-15,1.3530999422073364,0.20918942694320564,1.6011689961814568,0.32232014220152017,0.01230269791915453,0.1,0.0,-0.21262550688590198,-0.22498896195875057,0.2784274029519124,-0.39144588944079217,0.34137248670691706,-0.1
2021-07-16,1.3545299768447876,0.20967631156972064,1.5999456561335705,0.3226607888554136,0.012338810857831171,0.1,0.0,0.10563000211769064,0.23247776126444938,-0.07643213319814028,0.10563000211769064,0.2931067643446703,-0.1
2021-07-19,1.3562999963760376,0.20936371291432138,1.6023335447174816,0.32239126876774254,0.012344139556175249,0.1,0.0,0.13058877172497454,-0.14919754444505462,0.14913684140144168,-0.0835653805518822,0.04317715943584125,-0.1
2021-07-20,1.3636000156402588,0.21012728981991524,1.608208519164947,0.32297488778176536,0.012449103093020471,0.1,0.0,0.5367871436855217,0.36404964298989895,0.3659806280749375,0.180864511469764,0.8467159009704792,-0.1
2021-07-21,1.3662099838256836,0.21070805673067053,1.6099575341741001,0.32359307065953963,0.0124291303364638,0.1,0.0,0.19121982710993965,0.27600689162865466,0.1086963911972416,0.19121982710993965,-0.1605641405708072,-0.1
2021-07-22,1.3638299703598022,0.21089067090626784,1.6083278733200501,0.322304129129053,0.012369779187650589,0.1,0.0,-0.17435745328045416,0.08662938241836002,-0.10127510689671708,-0.399117148028776,-0.47866025781840277,-0.1
2021-07-23,1.3593499660491943,0.2101102053487249,1.6003271945550919,0.3220826841621823,0.012342019008372661,0.1,0.0,-0.32902771442984324,-0.37076713880619205,-0.4986946354076251,-0.06873044917135537,-0.22467155756842966,-0.1
2021-07-26,1.3600000143051147,0.20986358810759137,1.6011868359185686,0.3219697021009508,0.012302793729863913,0.1,0.0,0.04780909209910775,-0.11744412309670933,0.053702178154057915,-0.03508474304269924,-0.3183250937885682,-0.1
2021-07-27,1.357200026512146,0.20938951792488988,1.602550512862777,0.32085106865068497,0.01230440066798529,0.1,0.0,-0.20609368040465495,-0.22614996904170465,0.08513038854972442,-0.3480393385975251,0.013060717915907235,-0.1
2021-07-28,1.3594900369644165,0.20884066458489448,1.6073422108342044,0.32139244227762226,0.012380835655493156,0.1,0.0,0.16858831454106654,-0.26246487127220436,0.29855835962174676,0.16858831454106654,0.6192789146000786,-0.1
2021-07-29,1.3560999631881714,0.2089715508369376,1.606430029034243,0.32051523996821835,0.01234040983792075,0.1,0.0,-0.24967506413936252,0.06265314966558332,-0.05676704858801892,-0.2733112189547473,-0.3270535347209764,-0.1
2021-07-30,1.352970004081726,0.20959057435340966,1.609086823541119,0.3193980133586446,0.012366167740760825,0.07,0.0,-0.2310726955708883,0.2957859445628245,0.1652484022482868,-0.3491809988106955,0.20851056436507853,-0.1
2021-08-02,1.3545700311660769,0.20966954272196864,1.6074738893475458,0.3210642510683911,0.01234727376205589,0.1,0.0,0.11819047916390751,0.037670346535071425,-0.10028937568630261,0.5203246347429554,-0.15290450246619972,-0.07
2021-08-03,1.3529200553894043,0.20939793570322116,1.6065453105478014,0.3204073663184579,0.012381554605167705,0.1,0.0,-0.12188232851697135,-0.12962449761017486,-0.05778302915000911,-0.2048056256080644,0.2772542601894108,-0.1
2021-08-04,1.3503999710083008,0.20874295785859934,1.6028486708802347,0.31916804255582915,0.012390013893645016,0.1,0.0,-0.18644371265746543,-0.31328118842098673,-0.2303638209406207,-0.38754626790558977,0.06829837042049312,-0.1
2021-08-05,1.3510299921035769,0.20896956058657495,1.599268430656082,0.32018721918224496,0.012334906740544235,0.1,0.0,0.046643526969163414,0.10849698785569968,-0.22361716342852914,0.318814140016155,-0.44576276030466766,-0.1
2021-08-06,1.3509800434112549,0.20912032722205579,1.5989822247707366,0.32051719917063143,0.012309388958148856,0.1,0.0,-0.0036971507634057594,0.0721216400646269,-0.017897651994462905,0.10300538223562741,-0.20708882758872815,-0.1
2021-08-09,1.356119990348816,0.20919706508111785,1.5933731875748691,0.3214316270421267,0.012299403743170087,0.1,0.0,0.37973869085187395,0.036688821136677895,-0.3514046679213077,0.28489139714504974,-0.0811516082722835,-0.1
2021-08-10,1.3571399450302124,0.2092672485101596,1.5930742752928495,0.32114055819512277,0.012303410041466236,0.1,0.0,0.07518297205078109,0.03354332850869637,-0.018761475679711523,-0.09059491636856619,0.03256780599674201,-0.1
2021-08-11,1.3594000339508057,0.20962544286428475,1.5936695228434132,0.32167536392402923,0.012291361861898425,0.1,0.0,0.16639471235787504,0.1710196662791951,0.03735772909228196,0.16639471235787504,-0.09797350899520213,-0.1
2021-08-12,1.3565000295639038,0.20939459081082631,1.5927886682390096,0.3204961618693413,0.012290032279457005,0.1,0.0,-0.21355759941446298,-0.11018665374557102,-0.05528738015809296,-0.3672549568798037,-0.010817795240340718,-0.1
2021-08-13,1.3578100204467771,0.20959356630879772,1.5935613935232593,0.32095732169582464,0.012298669619014699,0.1,0.0,0.09652478607433417,0.09497906303476607,0.048502222569416234,0.14378592298598597,0.07025454168843678,-0.1
2021-08-16,1.3545000553131104,0.20914398068914028,1.5975891966549227,0.3198347137215039,0.012355871419815255,0.1,0.0,-0.24406993922808348,-0.21473392851268625,0.25243592596064024,-0.3503817340944869,0.4640273234060552,-0.1
2021-08-17,1.3552000522613523,0.20934257151323685,1.5964188401738395,0.3200000022518873,0.012399243241692455,0.1,0.0,0.0516660099659339,0.09490906599438248,-0.07328450773872996,0.05166600996595609,0.35040731459946967,-0.1
2021-08-18,1.3619600534439087,0.21001373872814008,1.5948196713126919,0.32155828091839594,0.01243378969270822,0.09,0.0,0.49757944816461086,0.3200942833476053,-0.10022246781299463,0.48578025466182373,0.2782299962547134,-0.1
2021-08-19,1.3613699674606323,0.20998425963735895,1.593251854253623,0.3214189618290463,0.012393892426456762,0.09,0.0,-0.04333562131519643,-0.014037729200738097,-0.09835520771004905,-0.04333562131520754,-0.32139367986769574,-0.09
2021-08-20,1.364400029182434,0.2101113422873791,1.593154684667951,0.3220963195286201,0.012429852573179613,0.09,0.0,0.2223271203109408,0.06050177784028427,-0.006099007425147573,0.21051806207411702,0.2897239870736095,-0.09
2021-08-23,1.361799955368042,0.209778782994287,1.5929721199326252,0.32155842088202147,0.012398033510296766,0.09,0.0,-0.1907471658337332,-0.15840304051248624,-0.011459979261464415,-0.16713891409412,-0.25631727321781983,-0.09
2021-08-24,1.3563400506973269,0.20931173560262692,1.5929581538834017,0.32110323343910907,0.012366564245674044,0.09,0.0,-0.4017388362507237,-0.22288625692352235,-0.0008767328863671021,-0.14165697174224842,-0.254147326529395,-0.09
2021-08-25,1.3542499542236328,0.20931543404938133,1.5916624048568337,0.3211406098585545,0.012341655999211821,0.09,0.0,-0.15421711761187887,0.001766940620487501,-0.08137541500917533,0.011639323561512292,-0.201619174939209,-0.09
2021-08-26,1.3525999784469604,0.20889898326434,1.5926055437944913,0.3218943200889037,0.012299047100911885,0.09,0.0,-0.1219111529687578,-0.19915665527026377,0.05923741220562567,0.2344229031455236,-0.34584192339007075,-0.09
2021-08-27,1.3538299798965454,0.20890825301675556,1.5916176282894554,0.322894000515641,0.012302177437989503,0.08,0.0,0.0908947619706306,0.004437334546704671,-0.062050646788509314,0.3100804390479101,0.025448628295410492,-0.09
2021-08-30,1.3450000286102295,0.2078568406730281,1.5869664029092974,0.32119403668303986,0.012242297863401442,0.08,0.0,-0.6543563518534699,-0.5045598060981884,-0.2926604207610191,-0.5278681428012916,-0.4879280787282355,-0.08
2021-08-31,1.3453099727630615,0.20808804380078116,1.587049367830076,0.3238199471157808,0.012236320033614191,0.06,0.0,0.023041519679525623,0.11117009017054527,0.005227757313785958,0.8142226388664041,-0.048841237125659395,-0.08
2021-09-01,1.3437999486923218,0.20803145002241494,1.5870653771740846,0.323417540514229,0.012210147122131594,0.08,0.0,-0.11230661992691839,-0.027200734190651367,0.0010087438731463468,-0.12434590427543854,-0.2141243666491374,-0.06
2021-09-02,1.343999981880188,0.20808174003110258,1.591417764189032,0.32375400403427235,0.012207527736559148,0.08,0.0,0.014884529608052055,0.02417131210190117,0.2738658373637294,0.10397971084864426,-0.021454832187366536,-0.08
2021-09-03,1.3423000574111938,0.20793445169525235,1.5941805363978716,0.3230177062588966,0.012208832244640809,0.08,0.0,-0.12656253367403025,-0.07080894683117911,0.17345394119590637,-0.22768407515005631,0.010685524655650789,-0.08
2021-09-06,1.3412699699401855,0.20788759417070105,1.5942257365052797,0.3236655291154878,0.012219579923162508,0.08,0.0,-0.07676993788875597,-0.02253729700745614,0.0028352790417779695,0.20035251815952929,0.0879932689963569,-0.08
2021-09-07,1.3418099880218506,0.2078166895741802,1.5934092780613012,0.3236786705474649,0.012218266178752227,0.08,0.0,0.04025359642035754,-0.03411299810033111,-0.051226596401519775,0.004060106504628175,-0.010751720148066583,-0.08
2021-09-08,1.3454999923706057,0.20810455769453157,1.5935522374154518,0.3239826708209177,0.012198991997975753,0.08,0.0,0.27462456469887464,0.13842436192322363,0.008971514312452217,0.0938763135487448,-0.15787345688219154,-0.08
2021-09-09,1.345900058746338,0.2083210877204118,1.5907329500133187,0.32415705077592266,0.012211254336173191,0.08,0.0,0.029729239138025,0.10399457755729585,-0.17707510306762614,0.053809372702193874,0.1004687872547036,-0.08
2021-09-10,1.342579960823059,0.20801325876677645,1.587724687229738,0.323864407555594,0.01222962063079883,0.08,0.0,-0.24698711442161267,-0.1478758657927042,-0.18929078346517195,-0.09031899683564597,0.1502916577867439,-0.08
2021-09-13,1.3414000272750854,0.20818202297097957,1.584455512673557,0.32447994296409094,0.012203975945976544,0.08,0.0,-0.0879241744886211,0.08109857120346593,-0.20611538484887462,0.18987921864107205,-0.20991338019642927,-0.08
2021-09-14,1.34197998046875,0.2080331110143264,1.585140550705546,0.32375874225427215,0.012200483119599221,0.08,0.0,0.04322557379282562,-0.07155528516279597,0.04322557379282562,-0.2225109435231989,-0.028624493513966055,-0.08
2021-09-15,1.3436199426651,0.20869172218768436,1.5861408205685164,0.32298557498768937,0.012246009542462329,0.08,0.0,0.12213006010814913,0.31608950043128653,0.06308301150456609,-0.23909530066148157,0.3724581364116494,-0.08
2021-09-16,1.340399980545044,0.20841496681809685,1.5843521928188409,0.32252164009947953,0.012254188867597509,0.08,0.0,-0.23993589890802616,-0.13270245598837643,-0.11282964080820022,-0.1437427676246789,0.06676946286030551,-0.08
2021-09-17,1.3453700542449951,0.20837128129654564,1.5831607689234204,0.3237564854387091,0.012264196436935871,0.08,0.0,0.3701046112513393,-0.020963034125426088,-0.07522772383244733,0.3821409987914081,0.0816331888891928,-0.08
2021-09-20,1.349120020866394,0.20867413720404465,1.5825084268809206,0.32356878800787964,0.012267961668347541,0.08,0.0,0.27834350381261613,0.14523883841031254,-0.041213532519318176,-0.057991690974888724,0.030696291986031295,-0.08
2021-09-21,1.3516000509262085,0.20906419474486373,1.5854545432942333,0.32257757338142523,0.01235048561864278,0.08,0.0,0.18365700190921086,0.18674736041502546,0.18599442546287198,-0.3068083218357611,0.6704261924742095,-0.08
2021-09-22,1.352579951286316,0.20918341084579598,1.5856181645458634,0.3232743657632745,0.012392050550810274,0.08,0.0,0.07247301601189945,0.05700742936353052,0.010319615275349135,0.21577473410396442,0.3359798767792178,-0.08
2021-09-23,1.3540699481964111,0.2095823910938441,1.5825969189511682,0.3230899434804038,0.012329678620904007,0.08,0.0,0.1100989870091282,0.19055059745725694,-0.19072231088398578,-0.05706450224364085,-0.5045930388831008,-0.08
2021-09-24,1.3486000299453735,0.20882949876388132,1.5832913547414904,0.32263159936094693,0.012223773851713018,0.08,0.0,-0.4047794043539297,-0.359881332629606,0.043869886832712236,-0.1419634210800717,-0.86265201251479,-0.08
2021-09-27,1.3530100584030151,0.2092596357874845,1.5861410853202218,0.3232226708850695,0.012215250976387409,0.08,0.0,0.3264743786458097,0.20576338384218823,0.17982597203528816,0.1830356216162998,-0.06974808308493892,-0.08
2021-09-28,1.353700041770935,0.20968092827847526,1.5833952184862738,0.32327165176619344,0.012199452793205957,0.08,0.0,0.05098317568778086,0.20112286521699008,-0.17326619780953578,0.01515276453372476,-0.12941533541005315,-0.08
2021-09-29,1.3569899797439575,0.21009288690233402,1.5858243818659474,0.3246387644669605,0.012167258278003898,0.08,0.0,0.24273816351698738,0.19627653808535575,0.15329728839970164,0.42200733170055404,-0.26425013898671174,-0.08
2021-09-30,1.3615399599075315,0.2104519472115279,1.5796044502824456,0.32554812671283356,0.012163557714098763,0.06,0.0,0.3347385913062701,0.17075962766189462,-0.3929919084275873,0.2797235229294986,-0.030418740866482018,-0.08
2021-10-01,1.358240008354187,0.21072686836682733,1.5720916060058983,0.3246271518644287,0.01218578719197263,0.08,0.0,-0.2426632456433227,0.1305484436425666,-0.47675019242746886,-0.28330067128765135,0.18258794341616352,-0.06
2021-10-04,1.3554999828338623,0.21029522741921966,1.5733636837429401,0.3245151946322087,0.012217545314293829,0.08,0.0,-0.20193728657450896,-0.20504439228137297,0.08088354080496872,-0.034493893037278504,0.26027707684268414,-0.08
2021-10-05,1.3570499420166016,0.2105520308267693,1.5766816475365886,0.3252756386269193,0.012229200433034547,0.08,0.0,0.11428061376696844,0.12204116072592969,0.21066141415465572,0.23405819317568405,0.09535109289583193,-0.08
2021-10-06,1.3569999933242798,0.210544281076167,1.573588704116574,0.324835444086945,0.012171822717155834,0.08,0.0,-0.003680749692704066,-0.003680749692704066,-0.19636057027246134,-0.1354213515048038,-0.4702902929835052,-0.08
2021-10-07,1.358489990234375,0.21077546039067324,1.5697827073381632,0.3247645139230634,0.012193280547827947,0.08,0.0,0.10974056753293539,0.10974056753293539,-0.24216028843781676,-0.021838106141753588,0.1761358118312164,-0.08
2021-10-08,1.3573999404907229,0.2106063345684599,1.5691215074225513,0.3246591401443833,0.012156328109188987,0.08,0.0,-0.08027201617063659,-0.08027201617062547,-0.04212934706845924,-0.03245147568766529,-0.3035159006224745,-0.08
2021-10-11,1.355239987373352,0.21036586629551782,1.5674762218299492,0.3243364677420275,0.012071257040133253,0.08,0.0,-0.15925103451217199,-0.1142442653472059,-0.10490894182294179,-0.09943747693280404,-0.7022690718893402,-0.08
2021-10-12,1.3553600311279297,0.21014636333310463,1.5659487779917072,0.32522136170961596,0.011953293340488948,0.08,0.0,0.008857356587978678,-0.10439790659275593,-0.0974935707294862,0.27246058006912,-0.9820341758748176,-0.08
2021-10-13,1.3572700023651123,0.21049472890831208,1.5654787047175773,0.326031700105974,0.01195632480848048,0.08,0.0,0.14082064485242463,0.16563557925197916,-0.03002293875597893,0.24885527978753727,0.02535772833249579,-0.08
2021-10-14,1.3511099815368652,0.21023713719036766,1.5672311607832512,0.3249813709490488,0.011924960518400987,0.08,0.0,-0.45488679482857225,-0.12244936544443476,0.1118811714914704,-0.3226755698021062,-0.26266850953184606,-0.08
2021-10-15,1.348680019378662,0.2094548830893656,1.5633245404567333,0.32478747015533466,0.011847778552255462,0.08,0.0,-0.18001124632292909,-0.37277573509360334,-0.24958012105260438,-0.05968300946542352,-0.6493339880119264,-0.08
2021-10-18,1.3476999998092651,0.2094392939656403,1.5629312728458018,0.32431717503096774,0.01178842613369993,0.08,0.0,-0.07269150532023802,-0.007442988986911523,-0.02515901682341741,-0.14490582070154642,-0.5022172052917372,-0.08
2021-10-19,1.348960041999817,0.20982751190813492,1.566663646533442,0.32353041916955194,0.0118034737609853,0.08,0.0,0.09345206757387102,0.1851890242705586,0.2385213136728654,-0.24288312721365896,0.12756606626118808,-0.08
2021-10-20,1.3449000120162964,0.2107399127514597,1.5643829122007133,0.32255667409074146,0.011741442258505413,0.08,0.0,-0.3014286545108809,0.433891082020381,-0.14568513711528105,-0.3014286545108809,-0.5269217860202629,-0.08
2021-10-21,1.3427000045776367,0.2100298779365793,1.5649185161418018,0.3231139515176343,0.011738016813627782,0.08,0.0,-0.16371542762773497,-0.33749356752626986,0.03423153432696046,0.17261976715979263,-0.029178226733503187,-0.08
2021-10-22,1.346809983253479,0.21070903324357293,1.5657122344848204,0.32406398911214207,0.011829688197664915,0.08,0.0,0.30563053446274324,0.3228395942583402,0.050706609833575805,0.29359414692263136,0.7779446180307295,-0.08
2021-10-25,1.3485599756240845,0.2112439011655878,1.5697357542304358,0.32515008154806346,0.011864442200208776,0.08,0.0,0.12985175639709168,0.2535203170190182,0.2566473415346811,0.3345871564482484,0.2933555854040782,-0.08
2021-10-26,1.3471499681472778,0.2109966021607975,1.5642707786959704,0.3246926762228706,0.011841515188104999,0.08,0.0,-0.10461122559951462,-0.11713657553864601,-0.34875364912075124,-0.14077417814115506,-0.19342833429236592,-0.08
2021-10-27,1.3472000360488892,0.2111102538860007,1.5625144712842312,0.32501810428181366,0.011798087314632003,0.08,0.0,0.003716510589879926,0.05384974269973228,-0.11233950885868023,0.10017629256666372,-0.3674166883517879,-0.08
2021-10-28,1.3488999605178833,0.21104260790141446,1.5647401501183538,0.3248013484629148,0.011855751203593036,0.08,0.0,0.12610249593301484,-0.03204809977068486,0.14234077357666114,-0.06671263103077961,0.4875657128451064,-0.08
2021-10-29,1.3440899848937988,0.2103295566811226,1.5703820894760268,0.32403328387929353,0.01183011210273306,0.07,0.0,-0.3572223317950679,-0.3384428117726127,0.3599186900568275,-0.23675214117621873,-0.21649293962749455,-0.08
2021-11-01,1.349410057067871,0.2106906020111187,1.5594706926037816,0.3260232126037083,0.01181247642027815,0.08,0.0,0.39503092700761244,0.17150980115567427,-0.6972494770425963,0.6122344598976833,-0.1491857434191965,-0.07
2021-11-02,1.348230004310608,0.21078608648225367,1.563890507458936,0.3248746923682272,0.011816835095575396,0.08,0.0,-0.0874877897482697,0.045309491782245685,0.28301675805128246,-0.3529037099951418,0.03689210617717404,-0.08
2021-11-03,1.3486700057983398,0.21076591274198242,1.561683649552151,0.32529426810900136,0.011834383650994927,0.08,0.0,0.03263016722805769,-0.009571175239953055,-0.1412129844087151,0.1290666963587624,0.14839454006886518,-0.08
2021-11-04,1.3466999530792236,0.21021822099737436,1.5642931043391286,0.32442783561880506,0.011805908272833355,0.08,0.0,-0.1461805317997723,-0.2601960547736977,0.1669529621323411,-0.2667087971392022,-0.24090558631717018,-0.08
2021-11-05,1.3497999906539917,0.21102495090472254,1.5597411088235447,0.3250963407456322,0.011857304870441971,0.08,0.0,0.2299305770613892,0.3830238434400405,-0.291417982419546,0.20584464357222748,0.4344015169922017,-0.08
2021-11-08,1.3497999906539917,0.21097547142066378,1.5615635607362037,0.3246272229751565,0.011895131163732288,0.08,0.0,0.0,-0.023449969084314074,0.11677502279925879,-0.1444053681260367,0.3185048069460269,-0.08
2021-11-09,1.3468999862670898,0.2107297012411896,1.5612612123090912,0.32435880476191786,0.01189273678985812,0.08,0.0,-0.21507809764810784,-0.11656020520152521,-0.019363777991446497,-0.08271926268734714,-0.02013105072656961,-0.08
2021-11-10,1.3473600149154663,0.2107983883758471,1.5623376647333487,0.32489994410645,0.011932832509617488,0.08,0.0,0.03414879429937398,0.03258958866910776,0.06892386053684951,0.1666945484465085,0.33657754076906826,-0.08
2021-11-11,1.3525400161743164,0.21172805450727586,1.5535187318779435,0.3258347407170684,0.011874281468498213,0.08,0.0,0.38371847513284363,0.4400518108638351,-0.5660695026948861,0.2873051876401386,-0.49187952159487036,-0.08
2021-11-12,1.3542100191116333,0.2119430298454009,1.5506813514959248,0.32529665730631796,0.01187455633233796,0.08,0.0,0.12339544674962874,0.10148219433152182,-0.18280916796614627,-0.1652764817887884,0.0023147561330315166,-0.08
2021-11-15,1.352020025253296,0.21196187246456463,1.5469337226605262,0.32570947188590643,0.011861801457698195,0.08,0.0,-0.1618483499547884,0.00889002182965307,-0.24196877753862134,0.12682357858362048,-0.10747121340396451,-0.08
2021-11-16,1.3538899421691897,0.21213862519140061,1.5388960519265427,0.3255325723123737,0.01186249165246723,0.08,0.0,0.13820986182580816,0.08335417574219975,-0.5209418210548413,-0.0543268296202738,0.005818464356550181,-0.08
2021-11-17,1.3563899993896484,0.21223107356890655,1.5355938386492198,0.32570294689812546,0.01180454994878391,0.08,0.0,0.18448706284631633,0.043569736123232075,-0.21481381723081186,0.052323494223820266,-0.4896414213620154,-0.08
2021-11-18,1.355530023574829,0.2125688001843071,1.5346202443561197,0.3249502473060388,0.011870829272206958,0.08,0.0,-0.0634219177824592,0.15900507858993876,-0.0634219177824592,-0.23136747335260496,0.559902301490701,-0.08
2021-11-19,1.356469988822937,0.21244634928705192,1.5420914250456974,0.3245143647199808,0.011869498401780606,0.08,0.0,0.06931897355823753,-0.05762189926433952,0.48566106787936325,-0.13422829925813412,-0.011211896027902773,-0.08
2021-11-22,1.362190008163452,0.21330212310585242,1.5359696665139493,0.32580481519966537,0.011934587975398347,0.08,0.0,0.420797583165753,0.40200964974284276,-0.3977677129299343,0.3968673270867795,0.5468786729236529,-0.08
2021-11-23,1.364300012588501,0.21369609244947735,1.5337658974191015,0.3261534745332143,0.011885181650904192,0.08,0.0,0.15477810886679175,0.18452979008610004,-0.14358041124685855,0.10695756838383995,-0.4148352072359647,-0.08
2021-11-24,1.3657499551773071,0.2137056323684596,1.5357757798660716,0.325721442252209,0.011861543402721523,0.08,0.0,0.1062209660816065,0.004464146225859943,0.1309565365463222,-0.13255068821833824,-0.1990864503369187,-0.08
2021-11-25,1.367900013923645,0.2140085781154137,1.5324550358236735,0.32507128193947615,0.011852731595080162,0.08,0.0,0.15730318175243876,0.14165804651265118,-0.21645994310641134,-0.19980571535725458,-0.07431648699137504,-0.08
2021-11-26,1.368530035018921,0.21430159747911,1.5340716658704423,0.32375915742754763,0.011893125273664722,0.08,0.0,0.04604693671240715,0.1368257987351269,0.10543721635575708,-0.40445892209657736,0.34021697149178715,-0.08
2021-11-29,1.369989991188049,0.2143288405307991,1.547154681973552,0.32333962588821746,0.012047151046565277,0.08,0.0,0.1066237451960122,0.012711673884961722,0.8492134787254931,-0.12966539543181577,1.2867679227841629,-0.08
2021-11-30,1.3683600425720217,0.21424143175076957,1.545348859218507,0.3230311668686884,0.012023830729128607,0.07,0.0,-0.11904605243514085,-0.04079087463355284,-0.116787123199173,-0.09544337287555521,-0.1937629711172318,-0.08
2021-12-01,1.3654500246047974,0.21458542625263047,1.54709445417609,0.3249137579977309,0.01205173903746362,0.08,0.0,-0.21289109300191503,0.16043518227741596,0.11289423708565162,0.5810976687417833,0.23183933843352886,-0.07
2021-12-02,1.3651299476623535,0.21439698780726352,1.5452609882078152,0.3236822477181068,0.01209342412340908,0.08,0.0,-0.023443879846819688,-0.08785369810557846,-0.1185805588831767,-0.37974694531425934,0.3452876013557905,-0.08
2021-12-03,1.3692699670791626,0.21476723710719978,1.548124830088355,0.3238959147095946,0.012115074309674213,0.08,0.0,0.3028103210470619,0.17254438757915802,0.1851591018358241,0.0659895628476749,0.17886439422917552,-0.08
2021-12-06,1.3709299564361572,0.21503771922351675,1.5498088036975164,0.3241735461710056,0.012127615918479771,0.08,0.0,0.12115828088395057,0.12586274217633867,0.10871593611015877,0.08567954367661901,0.10346714664411258,-0.08
2021-12-07,1.3689700365066528,0.21474712813483507,1.5451129319659884,0.3236335769110715,0.012065874899058021,0.08,0.0,-0.14306509499203757,-0.13522632766110948,-0.3034568067392947,-0.16670683780635498,-0.5103947497137507,-0.08
2021-12-08,1.3651100397109983,0.21442753514148907,1.5393663670042486,0.32275921475587555,0.012024752445388084,0.08,0.0,-0.28236183671567416,-0.14893379305341164,-0.3726121042486497,-0.270536026934086,-0.3413982792818176,-0.08
2021-12-09,1.3615299463272097,0.21462710419798162,1.5447356155176524,0.32279041423900445,0.011976443202101582,0.08,0.0,-0.262601257185649,0.09302734551113356,0.34818913047416694,0.009666021558035082,-0.4025575161725137,-0.08
2021-12-10,1.364799976348877,0.21403590505582729,1.5413109121251978,0.3237959494523217,0.0120301812270408,0.08,0.0,0.23988524371776274,-0.27583416540921696,-0.22194770996751567,0.3110291464231534,0.4476940508959918,-0.08
2021-12-13,1.364050030708313,0.21447327076620157,1.5429907322040606,0.32400237965525014,0.012017956117655116,0.08,0.0,-0.05496422723893638,0.20413372078327696,0.1089271049765819,0.0637328627260524,-0.10167199449641197,-0.08
2021-12-14,1.3680399656295776,0.2149147704608312,1.543888854749099,0.32402651020264334,0.012045043659586216,0.08,0.0,0.2920795261604483,0.20564142818414594,0.05818967310397191,0.007447367789304413,0.22513862463947606,-0.08
2021-12-15,1.3700100183486938,0.21519045624624855,1.542804135041635,0.32380289190300965,0.01204478573563496,0.08,0.0,0.14390190614528114,0.12819459334770744,-0.0702836178203695,-0.06903617149459688,-0.002141351414613739,-0.08
2021-12-16,1.365779995918274,0.21452603741387308,1.5420692573595574,0.3230321530110382,0.011966250586395727,0.08,0.0,-0.309236145992897,-0.309236145992897,-0.04764394530998027,-0.23831091490703732,-0.6541610969763078,-0.08
2021-12-17,1.3632400035858154,0.21410353459518344,1.5451155089346287,0.3242721229359694,0.011993700495575356,0.08,0.0,-0.18614690008552565,-0.19714130014235787,0.19734825054850544,0.3831185696417419,0.22913169643258438,-0.08
2021-12-20,1.366809964179993,0.21443519746436948,1.5367776053624453,0.3241959056473195,0.012040469276863528,0.08,0.0,0.26153093688095613,0.15478784557564,-0.5410910505984404,-0.023506876404496144,0.3891862357908194,-0.08
2021-12-21,1.3671400547027588,0.2144668008876086,1.541794531808222,0.32358345220404294,0.012028118666475678,0.08,0.0,0.02414751711552063,0.01473689720158714,0.32592582946732895,-0.18909328256463198,-0.10262846745276591,-0.08
2021-12-22,1.363960027694702,0.21410227919411182,1.5395799167290816,0.3242120512068956,0.011965191047411684,0.08,0.0,-0.23287527730554994,-0.17011109682996164,-0.14374205390762962,0.19407334470260137,-0.5245442508796173,-0.08
2021-12-23,1.3620500564575195,0.21385282636310282,1.5430497844321278,0.3234505028644767,0.01193513928403053,0.08,0.0,-0.14012945592719928,-0.1165789850484855,0.2251239691360249,-0.23516835691822674,-0.25147584825571934,-0.08
2021-12-24,1.358299970626831,0.21327407609059426,1.5385921550505657,0.3235588340729345,0.01186723486740879,0.08,0.0,-0.27570630020712955,-0.27099703782461365,-0.2893024289093114,0.0334867530607577,-0.5705699810337392,-0.08
2021-12-27,1.3576799631118774,0.21325039350711758,1.5374719599416409,0.3238354027553624,0.011874786465303447,0.08,0.0,-0.04565626704540639,-0.011104911998763156,-0.07283301755537662,0.08544058118516892,0.06361377612708084,-0.08
2021-12-28,1.356060028076172,0.2128889460812001,1.536420398479095,0.32433866362202574,0.011813192820398917,0.08,0.0,-0.11938765197689359,-0.16963818123203883,-0.06841888920971757,0.15528574619003002,-0.5200425327572105,-0.08
2021-12-29,1.3540699481964111,0.21266333238123666,1.5320999690192991,0.32405645359154167,0.011797808868226182,0.08,0.0,-0.1468623464466379,-0.1060333747556808,-0.281597108530261,-0.0870487888672599,-0.13031174663905265,-0.08
2021-12-30,1.3508000373840332,0.21214644044766512,1.5345291822259808,0.3231965555917726,0.011751401158227969,0.08,0.0,-0.24177963619176362,-0.24335230577069025,0.15842891950595647,-0.2657070707982981,-0.3941344106370785,-0.08
2021-12-31,1.3519099950790403,0.21216082944418807,1.5310418470228055,0.3240824471581238,0.011749302151743407,0.07,0.0,0.08213665129276175,0.006782347392786292,-0.2275162881050614,0.27372805721524546,-0.017863350406639552,-0.08
2022-01-03,1.3481999635696411,0.21215125152779757,1.5333697145255913,0.3229221322100916,0.011709020023798209,0.08,0.0,-0.27480613019575156,-0.004514562192144687,0.15192919774681404,-0.3586732548587076,-0.3434360500053275,-0.07
2022-01-04,1.353119969367981,0.21291874815373887,1.5293292952510738,0.32448919535046045,0.011732796328684745,0.08,0.0,0.3642671997987907,0.36111579766095114,-0.2638471234409954,0.48410218791829046,0.20285384615468396,-0.08
2022-01-05,1.3557100296020508,0.2133531663411485,1.529732407665847,0.324022472432567,0.011669650589450074,0.08,0.0,0.1912309760568194,0.2038221722010855,0.026355298209392388,-0.1439366542371562,-0.5396520517872049,-0.08
2022-01-06,1.3577100038528442,0.2136779956389738,1.5360447822040584,0.32388120998796416,0.011691495790161164,0.08,0.0,0.14741356578115666,0.15213379696681056,0.4117966223584389,-0.043606002149417525,0.18702170452993358,-0.08
2022-01-07,1.3609399795532229,0.2132499749324072,1.537437759229647,0.3231868892540879,0.011745911229838143,0.08,0.0,0.23761626099992084,-0.20051197367027584,0.09064486960235404,-0.21460523279277555,0.4643477617251934,-0.08
2022-01-10,1.3562500476837158,0.21270506027545455,1.539880884189415,0.322379396009257,0.01173044069326412,0.08,0.0,-0.345204897695625,-0.2558556228580221,0.15878274278111612,-0.25016599670459116,-0.1317967873723196,-0.08
2022-01-11,1.3557900190353394,0.21270964911670404,1.5361666815154678,0.32296094183404433,0.011761047385199381,0.08,0.0,-0.033924915670217964,0.0021573495924668827,-0.24149200554695935,0.18022923660665366,0.2605770153973481,-0.08
2022-01-12,1.350640058517456,0.21193492077031398,1.5352020787570098,0.32234845825120034,0.01171098874983338,0.08,0.0,-0.380572679590564,-0.3648836042610308,-0.06281256765059004,-0.18982638922723757,-0.4265391461858028,-0.08
2022-01-13,1.345900058746338,0.21169938559291207,1.5399314724021451,0.3217162947009923,0.01173664724594666,0.08,0.0,-0.3515619606624796,-0.11119741632521389,0.30758972221818187,-0.19630440893284845,0.2188579382557499,-0.08
2022-01-14,1.3460500240325928,0.21170633322488797,1.5421850475341616,0.3224071766558812,0.011795247626736616,0.08,0.0,0.011141758338648245,0.003281784665513488,0.14623558318074842,0.2145185668755359,0.4980517059209545,-0.08
2022-01-17,1.3485599756240845,0.21232149387303856,1.5388019855921158,0.32300836263835414,0.011797805701401572,0.08,0.0,0.18629429251151233,0.2901512780119836,-0.21960905809261977,0.18629429251151233,0.021684981925834065,-0.08
2022-01-18,1.348420023918152,0.21246001595041925,1.5386247697140905,0.3225113486895191,0.011769296191662148,0.08,0.0,-0.010378401477336404,0.06522039170137955,-0.011517146779575086,-0.1539888057097135,-0.2419433986908426,-0.08
2022-01-19,1.3505200147628784,0.21260665723881997,1.5300915442402783,0.32301361865552003,0.01178937448442612,0.08,0.0,0.15561600023811809,0.06899684377415248,-0.5561444327158344,0.15561600023814026,0.17045357016438578,-0.08
2022-01-20,1.3473999500274658,0.21240638777613108,1.528409563146198,0.3214984383042574,0.01178343068544919,0.08,0.0,-0.23129419457081266,-0.09424156734024466,-0.10998729145977304,-0.47017992176569917,-0.05042928968412214,-0.08
2022-01-21,1.3468899726867676,0.21245997053756344,1.5238380641626463,0.3216837921481874,0.011815550230267934,0.08,0.0,-0.03785615961291028,0.025223348786247463,-0.2995499028973454,0.057636495626053254,0.27221145495246946,-0.08
2022-01-24,1.344499945640564,0.21214320162634903,1.5248604841028452,0.32126641912152354,0.011816143624981795,0.08,0.0,-0.17760545643578626,-0.1492070670918192,0.06707255324476921,-0.12983060833483656,0.005022024384874417,-0.08
2022-01-25,1.3453400135040283,0.21254067839421786,1.5234805606293376,0.32135196231044544,0.011800089419251656,0.08,0.0,0.06246229541809166,0.1871871773939727,-0.09053603566765629,0.02662332479085408,-0.13595909367145423,-0.08
2022-01-26,1.3437999486923218,0.21240811849469446,1.5191045929971239,0.3208691222109212,0.011800658166343111,0.08,0.0,-0.11453959271203543,-0.062388647664666556,-0.28764819576414813,-0.1503657236226127,0.004819737929927081,-0.08
2022-01-27,1.3481999635696411,0.21333627778789696,1.5158533855196905,0.32176609669642897,0.011751989223241706,0.08,0.0,0.326895909284718,0.4360178415757176,-0.2142506581062794,0.2791552786433186,-0.41327848685643154,-0.08
2022-01-28,1.3526400327682495,0.21244876466379678,1.5077918212711268,0.3224409958087209,0.011726195155210018,0.08,0.0,0.32879202059695406,-0.4168837892218194,-0.5332360643618342,0.20952869568101115,-0.21972805046426266,-0.08
2022-01-31,1.3558900356292725,0.2134923746596219,1.5121393789556237,0.32375596231438164,0.011763547599585667,0.08,0.0,0.23998289394841368,0.4900264321952742,0.2879244856721455,0.40698684950577135,0.31803222580035323,-0.08
2022-02-01,1.3515599966049194,0.2125261437531145,1.5177540587923488,0.3230305907447093,0.01174034251620702,0.08,0.0,-0.31986132076785967,-0.45361059274674453,0.37061938836861236,-0.22430023331720841,-0.19745744899193635,-0.08
2022-02-02,1.3485599756240845,0.21205440524958014,1.520360623153465,0.3223135685243714,0.011753590633338291,0.08,0.0,-0.2222139939095642,-0.2222139939095642,0.1715909551511118,-0.22221399390955307,0.11277906045909449,-0.08
2022-02-03,1.347499966621399,0.21188772406173037,1.5226677273036842,0.3222912919457863,0.011780699078885811,0.08,0.0,-0.07863393841475926,-0.07863393841474814,0.15163214578132592,-0.00691170047265461,0.2303741295634308,-0.08
2022-02-04,1.3440300226211548,0.21134209248099137,1.537000351822968,0.3213844981180782,0.011691589151230279,0.08,0.0,-0.2578418919003064,-0.2578418919003064,0.9368813207995488,-0.28175502064687735,-0.7592813694731348,-0.08
2022-02-07,1.3451600074768066,0.21151977702660857,1.5409005982502322,0.32196266540788354,0.011674304128284857,0.08,0.0,0.0840390533587913,0.08403905335881348,0.2534356094055137,0.17973731081255817,-0.14795091196942758,-0.08
2022-02-08,1.3435800075531006,0.2115107869925991,1.5374528150966853,0.32116172285997446,0.01167690713970949,0.08,0.0,-0.11752717605572702,-0.0042502999903491455,-0.22400186932761898,-0.24907870906743043,0.02229444464822077,-0.08
2022-02-09,1.344599962234497,0.21122578997201463,1.5357028488605522,0.32149772446878144,0.011638434557259552,0.08,0.0,0.07588440817239316,-0.13483435278234182,-0.1138872622564413,0.1045660001791156,-0.33001976010485795,-0.08
2022-02-10,1.341599941253662,0.21089695890575866,1.532311311286378,0.32072673036426685,0.01160533530312625,0.08,0.0,-0.22336552274101765,-0.1557988209094278,-0.2210901761628364,-0.24010125092619716,-0.2848012753949634,-0.08
2022-02-11,1.345460057258606,0.21179675039752693,1.5359133828080331,0.321726448042197,0.011594096281900307,0.08,0.0,0.2873116835838956,0.42574224838098296,0.23479852590003172,0.311219095320303,-0.09689049547610817,-0.08
2022-02-14,1.3469799757003784,0.2120193312285678,1.5308504511493055,0.32162844094409654,0.011653688918605402,0.08,0.0,0.11290268935391864,0.10503652935996094,-0.330181033330277,-0.030467507292295058,0.5126747921708952,-0.08
2022-02-15,1.346500039100647,0.2118504191671753,1.52239801613662,0.32151384290766816,0.011654376149624246,0.08,0.0,-0.03563691597290301,-0.07969998811002785,-0.5536697517874292,-0.035636915972891904,0.005896937536701528,-0.08
2022-02-16,1.3447200059890747,0.2121678832484724,1.5271710820408515,0.32141114181397107,0.011629004895981666,0.08,0.0,-0.1322844911471402,0.14974077241828682,0.31303240872038396,-0.03194808010614176,-0.21793453136993102,-0.08
2022-02-17,1.3430099487304688,0.2119783398696864,1.5277100631537905,0.32102545924144876,0.01163917890796783,0.08,0.0,-0.1272492042105643,-0.08937643721548465,0.03528655243294397,-0.12006869416331947,0.08744999369326643,-0.08
2022-02-18,1.3428000211715698,0.21193850578484333,1.5262907173953835,0.3208602244997226,0.011690143755036294,0.08,0.0,-0.01563234641906175,-0.01879334844493306,-0.09294993437042182,-0.05148416596951687,0.43691734114907,-0.08
2022-02-21,1.346160054206848,0.21285854678296276,1.5234776292867875,0.32173997354146405,0.011709710870292924,0.08,0.0,0.24991332633371766,0.43316799452957105,-0.18447885784233378,0.27380931224657606,0.1672413793217788,-0.08
2022-02-22,1.34660005569458,0.21259197306790686,1.52295864817944,0.3223844962741175,0.011749513930573038,0.08,0.0,0.03268033346382081,-0.1253136322568661,-0.03407135847265066,0.20012372700101871,0.3393385656393086,-0.08
2022-02-23,1.345460057258606,0.21271086132982175,1.5242896621848274,0.3216495407692342,0.01168989408328844,0.08,0.0,-0.08469339140177616,0.05590758179635907,0.0873584266505145,-0.22823508747984292,-0.5087157135136495,-0.08
2022-02-24,1.3461899757385254,0.213264567902363,1.521961271246255,0.32174712495914287,0.011716391451450144,0.08,0.0,0.05423576533826281,0.25997127833957273,-0.1528693100397508,0.03033406787909129,0.2264125116456444,-0.08
2022-02-25,1.3550100326538086,0.2141698900858221,1.5163496954256743,0.32273668743050027,0.01172448142416598,0.08,0.0,0.6530496248989537,0.42360812064952014,-0.36938827281708303,0.30708707650535716,0.06902450331060817,-0.08
2022-02-28,1.3590400218963623,0.21517416484795115,1.5195500029675486,0.32369655145156223,0.01175792734923274,0.08,0.0,0.29697257776025804,0.4678190286660586,0.21083099214426587,0.29697257776025804,0.2848595985694111,-0.08
2022-03-01,1.355299949645996,0.21484051685627326,1.5200933187531973,0.3229980737870256,0.011777228620087217,0.08,0.0,-0.2755789367976595,-0.1551798451670535,0.035748654294572926,-0.21601476458356383,0.16402079686060003,-0.08
2022-03-02,1.3573299646377563,0.21505663456398846,1.5110827184090425,0.32390646344523255,0.011820033983902217,0.08,0.0,0.14967138421889276,0.10054392089247194,-0.5945300949100407,0.28084213449789047,0.3627998000024175,-0.08
2022-03-03,1.3549799919128418,0.21440913496718744,1.5057005757562933,0.3231528842565036,0.011729499258518388,0.08,0.0,-0.17328206219606374,-0.3015374604233388,-0.35681372098769587,-0.23292439313635574,-0.7688914296629528,-0.08
2022-03-04,1.3562999963760376,0.2146315970415149,1.5009961105533591,0.3241634778751662,0.011745501219722653,0.08,0.0,0.09737132079244988,0.10370208591732634,-0.3129327320223735,0.31224127763321385,0.13633195618111696,-0.08
2022-03-07,1.3619400262832642,0.21560942109506398,1.4810457778861092,0.32613505452968455,0.011848108416188094,0.08,0.0,0.4149771877344659,0.4545478910323096,-1.3380516484165472,0.6063623388652138,0.8697935155811745,-0.08
2022-03-08,1.3618299961090088,0.2155032928422061,1.479670890818312,0.32622589527904367,0.01180371476117515,0.08,0.0,-0.008079255841035844,-0.04923457442601047,-0.09287529476626476,0.027849842935229303,-0.37539353150991955,-0.08
2022-03-09,1.3651700019836426,0.21608997893949014,1.4877940029066394,0.3265957076668688,0.011796978971531615,0.08,0.0,0.24495838262566186,0.2718700670323697,0.5474795941318295,0.11329662673976987,-0.057081286700423575,-0.08
2022-03-10,1.357100009918213,0.21484660149907106,1.5028293358366795,0.32427718720991694,0.011708323339317019,0.08,0.0,-0.5928887046200081,-0.5770598028617707,1.0055067392280064,-0.7124371845539597,-0.7543493927368735,-0.08
2022-03-11,1.358049988746643,0.21485413646891544,1.4957486727629146,0.3244266676599825,0.011689289619967775,0.08,0.0,0.06997616099748143,0.0035070779169628762,-0.4722689364041811,0.046085883901909167,-0.16269799471413146,-0.08
2022-03-14,1.3626999855041504,0.21498099369024068,1.4897128404576847,0.3250715682312242,0.011594585109110099,0.08,0.0,0.34181761124932813,0.0590259921107194,-0.404348909019388,0.19858430632722032,-0.8134817268771413,-0.08
2022-03-15,1.3661500215530396,0.21465158484202526,1.4950043947998208,0.32508032479617976,0.011556192751952719,0.08,0.0,0.25285654236460897,-0.15334447582623711,0.3545769645194714,0.002693698211156294,-0.3316725907260771,-0.08
2022-03-16,1.3652299642562866,0.2143520974927624,1.4975703672128446,0.3246682494712267,0.011541185932857176,0.08,0.0,-0.06736941299500132,-0.13961996609632757,0.17148931912698429,-0.12684148808356757,-0.12994393356895778,-0.08
2022-03-17,1.3582600355148315,0.21385880043533387,1.4970681007773976,0.32416706848826804,0.011426432271651365,0.33,0.0,-0.5118391445175315,-0.23039921591565815,-0.033544379097874714,-0.15448637543699315,-0.999273107670219,-0.08
2022-03-18,1.3532700538635254,0.2132645269073524,1.5020646049130733,0.32259117961551353,0.011421349806444825,0.33,0.0,-0.3680569361155185,-0.2782680661105865,0.33319691048022576,-0.48732026103147574,-0.04448979137668988,-0.33
2022-03-21,1.3561700582504272,0.21322758302291162,1.4976368938233549,0.3235910434712562,0.011371255567091693,0.33,0.0,0.21406677205116956,-0.017324533642239213,-0.2952103272393195,0.30946832580641,-0.4395664224571195,-0.33
2022-03-22,1.3580000400543213,0.21370683439849106,1.496138522884678,0.3231410073047711,0.01135508487010719,0.33,0.0,0.1348465287664831,0.2245082885448554,-0.1000990959726961,-0.13917239406476678,-0.1423079950615356,-0.33
2022-03-23,1.356879949569702,0.21316825782182064,1.4966027360961502,0.3219169396083215,0.011182462423941835,0.33,0.0,-0.08251492165055341,-0.2523346394568347,0.031022609375417166,-0.3795222341083891,-1.5318953715824646,-0.33
2022-03-24,1.3576899766921997,0.21309464782808327,1.4943151893037196,0.3215750680808694,0.011208813798794407,0.33,0.0,0.05967996172825955,-0.03453736813286178,-0.1529662328110158,-0.10625510667790353,0.23537190784461973,-0.33
2022-03-25,1.3573800325393677,0.2132133279814643,1.4944182300612283,0.321349441262896,0.011094600764149217,0.33,0.0,-0.022831393159255756,0.05567813092007519,0.006895279243172382,-0.07018765779087745,-1.024184280743913,-0.33
2022-03-28,1.3583999872207642,0.21341041571402117,1.4917800804941805,0.32281367112923376,0.011109839081669716,0.33,0.0,0.07511320666106389,0.09239417612825333,-0.17668955501471634,0.4546154102902216,0.1372547113872732,-0.33
2022-03-29,1.360450029373169,0.21354797031150288,1.4956574139223446,0.3228405212891259,0.011001536382697229,0.33,0.0,0.15080217948014696,0.06443466470884684,0.2595760153994044,0.008317195248763945,-0.9796185248951126,-0.33
2022-03-30,1.355970025062561,0.2130989633994455,1.5039763252792397,0.32193021354425866,0.011012954518274607,0.33,0.0,-0.32984650993976217,-0.2104818023277479,0.5546632294379638,-0.28236652208865265,0.10373291531124178,-0.33
2022-03-31,1.352530002593994,0.2131243901658328,1.509671698339957,0.32183939216280516,0.011084403187362495,0.33,0.0,-0.25401693063748043,0.011931193448118249,0.37797246370985893,-0.028215492390721453,0.6466738605621378,-0.33
2022-04-01,1.354300022125244,0.2136490563116775,1.4995294539455128,0.3222222222222222,0.01112306628655459,0.33,0.0,0.13078174598114434,0.24587584560252598,-0.6740847344940656,0.11887996301987158,0.3481994047185381,-0.33
2022-04-04,1.356600046157837,0.21323148325875968,1.49867435681233,0.32238592849981235,0.011064350700633661,0.33,0.0,0.169687153826765,-0.195639363895844,-0.05704062901257286,0.05079249492153906,-0.5292704691136966,-0.33
2022-04-05,1.356600046157837,0.21322143129090185,1.4889857518894019,0.3218505331073174,0.011046422225233169,0.33,0.0,0.0,-0.004714221672188302,-0.6485770491401887,-0.16621087059135745,-0.16216963006924387,-0.33
2022-04-06,1.359339952468872,0.21362856805422625,1.4825549935100923,0.32296030333594544,0.01099291560398644,0.33,0.0,0.20176493161947873,0.19076344730729886,-0.4328238425509903,0.34421608994848124,-0.4855565696782006,-0.33
2022-04-07,1.360319972038269,0.21393724482537757,1.4825083275283646,0.32288631140014357,0.010994883544173599,0.33,0.0,0.07206927623445289,0.14438798214457424,-0.0031477224382036543,-0.022913160628963834,0.017900292604577622,-0.33
2022-04-08,1.3618199825286863,0.21413273253017967,1.4795957234793773,0.3230276683874413,0.010973923213970957,0.33,0.0,0.11020819408825266,0.09133446806962331,-0.19665784439189482,0.04376960213833848,-0.1908190717269532,-0.33
2022-04-11,1.3633400201797483,0.21422690975571831,1.4839883296442478,0.3231429401651287,0.01096064635418484,0.33,0.0,0.11155585779830406,0.04397110173752987,0.29643899432840864,0.03567843457578185,-0.12105878226900287,-0.33
2022-04-12,1.3651000261306765,0.21434515996098275,1.4849503109270192,0.32287132761812976,0.010879718381810968,0.33,0.0,0.12901190168515084,0.05518334796916558,0.06480304464974096,-0.08408871956822798,-0.7410896634878383,-0.33
2022-04-13,1.3640600442886353,0.21430637758671994,1.4767509136000712,0.32243469399578584,0.010876284049129466,0.33,0.0,-0.07621259768905428,-0.0180950590264962,-0.5536965178740377,-0.13532608540870783,-0.03157135802801951,-0.33
2022-04-14,1.3612600564956665,0.2137925741852796,1.4833064800155427,0.321886977305754,0.010857334825557244,0.33,0.0,-0.20547962621607035,-0.24003966654004635,0.44293581249666614,-0.17001347195253796,-0.1743771111761544,-0.33
2022-04-15,1.3562400341033936,0.212663475838912,1.4675857699259325,0.3206241200917196,0.010748539970350454,0.33,0.0,-0.3694592776589086,-0.529527478680483,-1.0654986686829848,-0.39310102047323975,-1.0070943737869071,-0.33
2022-04-18,1.3580100536346436,0.21318169290286496,1.4687224275505457,0.3208150525095401,0.010725253077926742,0.33,0.0,0.13042422215649804,0.24338297475120652,0.07742087035456019,0.05953251114529483,-0.2168867092999329,-0.33
2022-04-19,1.361199975013733,0.21381671662463825,1.4676169057862438,0.32013170776565003,0.010709845785059345,0.33,0.0,0.23462129138847881,0.2974363256474501,-0.07529932279873473,-0.21322987965808937,-0.14375763432962727,-0.33
2022-04-20,1.3676199913024902,0.21394469005061528,1.4762736652426156,0.32156596783989394,0.010574409238497506,0.33,0.0,0.47053511870378906,0.0598340232652915,0.5881186273341737,0.4470212429138744,-1.2726625801840932,-0.33
2022-04-21,1.3631000518798828,0.21239697888949552,1.4789458964212372,0.3185557639296019,0.010648137663210743,0.33,0.0,-0.3310440820715358,-0.7260458325978424,0.18084828224646768,-0.940516764350487,0.6948150160184029,-0.33
2022-04-22,1.3650100231170654,0.21165243713901538,1.479012317914453,0.3182954591446663,0.010630256467736863,0.33,0.0,0.14002158979915713,-0.351158373260102,0.0044910366147214754,-0.08174744430105974,-0.16806907112403022,-0.33
2022-04-25,1.369860053062439,0.21073797635392946,1.480961891000419,0.316913818513967,0.010651686159724366,0.33,0.0,0.35468120200763636,-0.4329938296865194,0.1317290780447651,-0.4350197196940871,0.20138856311560194,-0.33
2022-04-26,1.3736900091171265,0.20947102261171865,1.471800196843418,0.31542824411040415,0.010753459839012517,0.33,0.0,0.27919727767285707,-0.6030130646694112,-0.6205527763320432,-0.46986503808425384,0.9509343801933983,-0.33
2022-04-27,1.377810001373291,0.21015053720272317,1.4664885120882332,0.31875301987657945,0.010826222352616679,0.33,0.0,0.2994726745118551,0.32387048237899146,-0.3615499406276922,1.0485349902689671,0.6743638641894697,-0.33
2022-04-28,1.380769968032837,0.21049926400828597,1.4574154176431477,0.31687204678311376,0.01075416295330319,0.33,0.0,0.21460083291745768,0.16580389884843053,-0.6206170780672171,-0.5918516064944576,-0.6678255842715953,-0.33
2022-04-29,1.3865000009536743,0.20927354466711112,1.4564075598601536,0.3178952353234949,0.010599261161425106,0.33,0.0,0.41412953375575234,-0.5839934361733254,-0.06917769754501214,0.3223825346372845,-1.4508634144844699,-0.33
2022-05-02,1.3837000131607056,0.20941354478754748,1.45786148618663,0.31801886153507597,0.010642945568230885,0.33,0.0,-0.20215065570806917,0.06687577868066841,0.099779836667872,0.03888141928265616,0.4112987783671353,-0.33
2022-05-03,1.385640025138855,0.20970715234800894,1.456177171980741,0.31839153259091946,0.010649594428944696,0.33,0.0,0.14010647075983532,0.14010647075983532,-0.11560000336547603,0.1171165970513372,0.06245249210097511,-0.33
2022-05-04,1.3838399648666382,0.2094378995263093,1.4569803721932286,0.31797791582290663,0.01063543294774349,0.33,0.0,-0.12999267242895526,-0.12847717396742683,0.05514293138362326,-0.1299926724289664,-0.1330652109593622,-0.33
2022-05-05,1.3742400407791138,0.20798184258968724,1.4597833955971848,0.31577205103296807,0.010634639067247043,0.83,0.0,-0.6961337478036267,-0.6976492462651603,0.1922009795789578,-0.6961337478036267,-0.007464765481339144,-0.33
2022-05-06,1.383999943733215,0.2079764244135804,1.4587000015406912,0.31834387402153774,0.010619196841010396,0.83,0.0,0.7076935830569699,-0.0026051537074477387,-0.07424363676839738,0.811156758116797,-0.14531239462448634,-0.83
2022-05-09,1.387529969215393,0.20816280695820577,1.461373203016123,0.31769433858070767,0.010612165633009468,0.83,0.0,0.2547349299420044,0.08957701799650208,0.1830914525039758,-0.20424422739355919,-0.06623416906549749,-0.83
2022-05-10,1.3897500038146973,0.20650687353180455,1.468381820358104,0.31722209324435713,0.010659472265242668,0.83,0.0,0.159871175661641,-0.7986801576440754,0.47844482938328586,-0.14875829314392577,0.44478671976685624,-0.83
2022-05-11,1.3911900520324707,0.20660419733676227,1.4653360361579644,0.3176595684218056,0.010672645964973767,0.83,0.0,0.10356557980888195,0.047117501137716795,-0.20763996017429945,0.13781316207490837,0.12351048558439366,-0.83
2022-05-12,1.3902299404144287,0.20685791427176137,1.4614768781476073,0.31783948728341604,0.010707666411403539,0.83,0.0,-0.06903751743951711,0.12272803709055043,-0.26371075704801084,0.056622858776041285,0.3275955667334247,-0.83
2022-05-13,1.395799994468689,0.20569120833129553,1.4487819732473781,0.31787749030959556,0.010854823329507995,0.83,0.0,0.39985654180736596,-0.5656097598686874,-0.8724299843693542,0.011955957624001853,1.3649555742767006,-0.83
2022-05-16,1.3926500082015991,0.20516352184557612,1.4484441103346768,0.31683538850808934,0.010759703432296024,0.83,0.0,-0.22593108027720055,-0.256872678889465,-0.023323199811530457,-0.3283698102468524,-0.8801535403855785,-0.83
2022-05-17,1.3907699584960938,0.20497412889073358,1.451818974967864,0.31640766705951984,0.010787601232699633,0.83,0.0,-0.13508920780258568,-0.09235580686853562,0.23272827720682132,-0.13508920780258568,0.25894483255150214,-0.83
2022-05-18,1.384469985961914,0.2055268572189029,1.4603190176246699,0.31590871231776146,0.010694687241016717,0.83,0.0,-0.4540135975231766,0.2692946818169507,0.5837681330684489,-0.15781809916424624,-0.8650341994967774,-0.83
2022-05-19,1.391319990158081,0.20601771274906436,1.4570932423182796,0.3166769175534579,0.010876995279836314,0.83,0.0,0.49355449514367616,0.23854318522955031,-0.22113958080299412,0.24287798427791019,1.6902935523315183,-0.83
2022-05-20,1.3809200525283811,0.20573591671216868,1.460873611010612,0.31384545968130584,0.010802616282435609,0.83,0.0,-0.7502947982538088,-0.13687606409683906,0.25910992121594045,-0.8981368489522341,-0.6861680986945365,-0.83
2022-05-23,1.3799999952316284,0.20621637975562593,1.4586350462103754,0.3146016259968169,0.010789426335181327,0.83,0.0,-0.06664860371866692,0.2332616011274757,-0.1533521905064774,0.24064609341350549,-0.12217416507123378,-0.83
2022-05-24,1.374269962310791,0.20666335810594866,1.4680018798489982,0.31325961614337766,0.01074941691639766,0.83,0.0,-0.4160842093173067,0.21651753958997105,0.6401112169695545,-0.4274867779946843,-0.37150987482194675,-0.83
2022-05-25,1.3709700107574463,0.2060679446734142,1.4719453875287059,0.31208057625112223,0.010814710545330591,0.83,0.0,-0.24041272713115036,-0.28852371582806496,0.2682708012186776,-0.3770879606688359,0.6055782093546201,-0.83
2022-05-26,1.3743000030517578,0.20537382231903176,1.4686614358374754,0.31283859860461366,0.010808323883493329,0.83,0.0,0.24259864499727857,-0.3374100874488978,-0.22335206667775678,0.24259864499727857,-0.05907276376041215,-0.83
2022-05-27,1.3724499940872192,0.20369407957755137,1.4730442034083069,0.3122397763427161,0.01080286523568701,0.83,0.0,-0.13470532419844042,-0.8212583655428201,0.2979748044947329,-0.19159915591029886,-0.050516867834539285,-0.83
2022-05-30,1.367900013923645,0.2042373442470873,1.467955919449736,0.3125556891089372,0.010746749220787005,0.83,0.0,-0.33207322651666843,0.26635113599028354,-0.34602440142591684,0.10112518755704722,-0.5208087769275326,-0.83
2022-05-31,1.3666000366210938,0.2051859649228314,1.4723119534210127,0.31316742777618484,0.010694610226436311,0.83,0.0,-0.0950797130338779,0.46339441453836655,0.2963020613494852,0.1955302099731156,-0.4863413371561544,-0.83
2022-06-01,1.3698500394821167,0.20532248742081746,1.4704114308969451,0.3130370343169117,0.010640769637205486,0.83,0.0,0.23753434550236444,0.06651385726159621,-0.12916761381214864,-0.04164565059848779,-0.5047081782949042,-0.83
2022-06-02,1.3746000528335571,0.20561838221023418,1.4645216795674116,0.313799818082345,0.010563933201312199,0.83,0.0,0.34615445241600457,0.1440084753891829,-0.40135560260991304,0.2433756531773175,-0.7247144444575606,-0.83
2022-06-03,1.3700000047683716,0.20573041286812974,1.4728965655570363,0.31214400178175655,0.010545113167473662,0.83,0.0,-0.3352074820356733,0.05446991069665191,0.5702224186982041,-0.529063507089413,-0.17831254426488957,-0.83
2022-06-06,1.375040054321289,0.20648417779618497,1.4748743647533047,0.31332801353246076,0.010520018412297716,0.83,0.0,0.367211778913852,0.36571522951636537,0.13418949706804847,0.3785982860889992,-0.23825882076503488,-0.83
2022-06-07,1.3769500255584717,0.206969889858497,1.4721542614488499,0.3137275107557255,0.010417549925620096,0.83,0.0,0.1388065718559665,0.23495344404634314,-0.18459977298579727,0.12742006468082212,-0.978808074732752,-0.83
2022-06-08,1.3739999532699585,0.2060062556412479,1.4699903491275421,0.3127702968123985,0.010342724728502856,0.83,0.0,-0.21447670383573017,-0.4666787545274015,-0.14709764460341276,-0.30557638881133115,-0.7208529017531683,-0.83
2022-06-09,1.3761600255966189,0.2059287403641821,1.4749207317029802,0.3133690144123937,0.010237001417649756,0.83,0.0,0.15708706311256324,-0.037634713599176584,0.3348411579618978,0.19124107742059046,-1.0274601341032703,-0.83
2022-06-10,1.3825199604034424,0.20662998761725745,1.4681263202992056,0.31485311438423713,0.010285229418207155,0.83,0.0,0.4610861793904782,0.3399505965343835,-0.4617271388914077,0.4724770633402679,0.47000825325412243,-0.83
2022-06-13,1.3911900520324707,0.2073957635358585,1.4593565748068045,0.3162154985357267,0.01031932959411081,0.83,0.0,0.6251641179442635,0.3699174699646357,-0.5991339345063853,0.4317712020952179,0.33099671792431845,-0.83
2022-06-14,1.393839955329895,0.2063877927710258,1.451704878602456,0.3156340557625221,0.010384353823422085,0.83,0.0,0.19029626898715138,-0.48719807409021154,-0.52569923023886,-0.1840447408321865,0.6281437153177167,-0.83
2022-06-15,1.3920999765396118,0.20655834514194246,1.4534348944341102,0.3149547403869846,0.010289443073793104,0.83,0.0,-0.12491145244143513,0.08260272464407177,0.11910036496087162,-0.21545439515282117,-0.9181807956439272,-0.83
2022-06-16,1.385699987411499,0.20644190870411297,1.4489162325361349,0.31414646522682954,0.010332177091713492,1.58,0.0,-0.46079635219144793,-0.05638565101599659,-0.31137966092122926,-0.2569620269973314,0.41445898770130946,-0.83
2022-06-17,1.3828999996185305,0.20629829217411325,1.4585245408207188,0.31429544764658657,0.010443207231495692,1.58,0.0,-0.20226748253252316,-0.0695917361528055,0.660948511906966,0.04741326747823357,1.0688726152239518,-1.58
2022-06-20,1.388409972190857,0.2067409117851632,1.456638888269211,0.31558359038500305,0.010263535011146645,1.58,0.0,0.39764442727308674,0.21432337474815635,-0.12936858329660286,0.4090133045989441,-1.7354417960264898,-1.58
2022-06-21,1.3875999450683594,0.20737064507699524,1.4598632215979706,0.3154353016875634,0.010271898016753976,1.58,0.0,-0.05835909594207667,0.30413726292512133,0.22110970751467313,-0.04699976562740224,0.08144952247470187,-1.58
2022-06-22,1.385509967803955,0.2071511887671067,1.4593071403723457,0.31517515847568306,0.010167462859126423,1.58,0.0,-0.1507316857803565,-0.10588408738662065,-0.03809858030867169,-0.082505205057919,-1.021911273150208,-1.58
2022-06-23,1.387120008468628,0.20699885613444602,1.4653708582696368,0.3150397562856301,0.010197612092767388,1.58,0.0,0.11613816913332414,-0.07356398551962828,0.41465943180924064,-0.04297016429314009,0.29608784390146126,-1.58
2022-06-24,1.3891600370407104,0.20742090781399783,1.4614123202325118,0.31543144832147135,0.010302284743168228,1.58,0.0,0.14696132276331758,0.20368325170788326,-0.2705045238751297,0.1242537592116638,1.021210603197941,-1.58
2022-06-27,1.3855199813842771,0.20714029583466106,1.4639588758706166,0.3149266996299756,0.010258399977043238,1.58,0.0,-0.26237675843611846,-0.13537784998879815,0.1741014121382056,-0.16014667249510084,-0.4268810437384269,-1.58
2022-06-28,1.3853600025177002,0.2070575562051297,1.4658343696054033,0.3147472297349635,0.010228966127594507,1.58,0.0,-0.01154715236200627,-0.0399517429771484,0.12802910197616713,-0.057004075125975745,-0.2873367864808029,-1.58
2022-06-29,1.387470006942749,0.20685968548213493,1.4601104083763516,0.3157287693249539,0.010198461096687563,1.58,0.0,0.15219143078515615,-0.0956088406760036,-0.391256087541598,0.31136486858828755,-0.2986676026110527,-1.58
2022-06-30,1.3926399946212769,0.20786292002867657,1.4548340959435677,0.31670344724232974,0.010195842626937148,1.58,0.0,0.3719272716055535,0.48381086062208434,-0.36201843208054807,0.308231827385951,-0.025678442375751908,-1.58
2022-07-01,1.3901400566101074,0.20753934038121913,1.4565439309339467,0.3155822906693094,0.010237727769061941,1.58,0.0,-0.17967202852333927,-0.15579102173608617,0.11745882335967923,-0.3546364185789003,0.40996458256697677,-1.58
2022-07-04,1.39520001411438,0.2082232686712117,1.455744445268863,0.3167669455551459,0.010331524193637689,1.58,0.0,0.36332820711691943,0.32899971859380933,-0.05490429393601147,0.37468417890070554,0.912012501811358,-1.58
2022-07-05,1.3956199884414673,0.2083450313361734,1.4560763333153517,0.3164312374445767,0.010273999014031032,1.58,0.0,0.030096841062681925,0.05845988205407976,0.022795911779101546,-0.10603572500271216,-0.5583486376344777,-1.58
2022-07-06,1.4048000574111938,0.20908496207864322,1.4409979989540034,0.3180439473956939,0.010365921871171819,1.58,0.0,0.6556232067001804,0.35451765762578835,-1.0409446762351744,0.508361386787567,0.8907346633822298,-1.58
2022-07-07,1.4043999910354614,0.20940877952014106,1.4305795716998801,0.31759385184145195,0.010329052525860014,1.58,0.0,-0.028482583763180767,0.15475381059985902,-0.7256271308440299,-0.14162015852711413,-0.35631244196570333,-1.58
2022-07-08,1.400230050086975,0.2089739642855694,1.424011036754351,0.3164004240515999,0.01030240012314765,1.58,0.0,-0.29736143163476214,-0.20785531791479625,-0.4602093567556306,-0.37647948722438096,-0.258366853676739,-1.58
2022-07-11,1.3988399505615234,0.20895984853584293,1.4220767200697537,0.31615774758270127,0.010262874103482717,1.58,0.0,-0.09932582174897792,-0.006755016846595163,-0.135928133472832,-0.0767285893019207,-0.38439621956115727,-1.58
2022-07-12,1.4049700498580933,0.20916008026981495,1.4116471935484043,0.3175432373131624,0.010226293743738797,1.58,0.0,0.43726993364000916,0.09577718519682235,-0.7361037230711923,0.43726993364000916,-0.35707061295149845,-1.58
2022-07-13,1.407580018043518,0.20935850284777452,1.412240401199,0.31741570617326936,0.010294896650289187,1.58,0.0,0.1855944869666498,0.09482140140515964,0.042013546178317936,-0.04016988591662042,0.6686080173688227,-1.58
2022-07-14,1.4070099592208862,0.2094512901491983,1.4116117626716118,0.3172871553119141,0.010223282312253917,1.58,0.0,-0.04050741564714656,0.04430999680209189,-0.044523473701352165,-0.04050741564713545,-0.6980602808133373,-1.58
2022-07-15,1.4026000499725342,0.20763264874814363,1.4061999296040426,0.31579421162765453,0.010093044377607031,1.58,0.0,-0.3139163695545074,-0.8720800574800532,-0.384116492702384,-0.47164441405086327,-1.2821187678637382,-1.58
2022-07-18,1.3977899551391602,0.20688078195509524,1.4112532893175285,0.3143573620378626,0.010105918432097977,1.58,0.0,-0.3435306907290804,-0.36277117310202106,0.3587186540237303,-0.45603379884467204,0.12747244851641146,-1.58
2022-07-19,1.3969000577926636,0.20718449947905276,1.4171799512670304,0.3138748577015281,0.010105694306674396,1.58,0.0,-0.0636848718430723,0.14670033545182284,0.4190779926104002,-0.15360703130046968,-0.0022177886197182754,-1.58
2022-07-20,1.391379952430725,0.20632293055205547,1.4235667997943153,0.31284539197888644,0.010068528414997651,1.58,0.0,-0.3959510919698727,-0.41671327341992365,0.4496605891707822,-0.32852509523165013,-0.3684497215581402,-1.58
2022-07-21,1.3929799795150757,0.2062177062458898,1.4184410374521121,0.3130643787485487,0.010065247563219037,1.58,0.0,0.11492962832237796,-0.05101282107104518,-0.36071455066704367,0.06997391280312387,-0.03259052659772537,-1.58
2022-07-22,1.3894000053405762,0.20536241624550375,1.420117134665304,0.3119092925062119,0.010134355952321992,1.58,0.0,-0.2573319366532078,-0.4156134782990141,0.11809498388669996,-0.3696435900222242,0.6842575765640813,-1.58
2022-07-25,1.3890000581741333,0.20576253856355503,1.4168121556963056,0.31216991391747195,0.010189859251178423,1.58,0.0,-0.02878974662125017,0.19464760759562047,-0.23299702783490753,0.08352190674775334,0.5461803693631928,-1.58
2022-07-26,1.3860299587249756,0.20535298914631134,1.4172085808803274,0.31139741455927006,0.010159201070176494,1.58,0.0,-0.2140589878440569,-0.19923818251455527,0.027976166969497077,-0.2477678730474127,-0.3013230460243411,-1.58
2022-07-27,1.3890000581741333,0.20540349514168776,1.4069956440117863,0.31188955258143064,0.010140907102249372,1.58,0.0,0.2140589878440683,0.024591697301375733,-0.7232466616377365,0.15791702710931094,-0.18023522558625293,-1.58
2022-07-28,1.381700038909912,0.2044721389259062,1.4106177746094772,0.3100763207003942,0.010151274443200074,2.33,0.0,-0.5269452412847349,-0.45445873886242066,0.25710642695374564,-0.5830664015210251,0.10218065346514306,-1.58
2022-07-29,1.37909996509552,0.2044383114459579,1.4056240142665644,0.30991011779914246,0.01026138926112662,2.32,0.0,-0.18835660528370202,-0.01654517755402302,-0.3546404003027059,-0.05361501313975384,1.0788977631917027,-2.33
2022-08-01,1.381500005722046,0.20487306345890097,1.410269453227471,0.31058903325982096,0.01035552879339162,2.33,0.0,0.17387823346951922,0.21243102590834542,0.3299445258743139,0.21882889942443723,0.913232387883772,-2.32
2022-08-02,1.3761999607086182,0.20334824548844718,1.4121678867084597,0.30925843139213094,0.010459671477145856,2.33,0.0,-0.3843820287633687,-0.7470580435886627,0.1345244225920411,-0.42933269471829866,1.0006490582061183,-2.33
2022-08-03,1.3837000131607056,0.20493794259436615,1.405242469515656,0.31073433456642086,0.01037419710715759,2.33,0.0,0.5435030968835161,0.7787209979988189,-0.4916167874301044,0.47610425258101374,-0.8205374744618391,-2.33
2022-08-04,1.3807899951934814,0.20434956362731022,1.4025575889747586,0.30994164283729564,0.01030732549017955,2.33,0.0,-0.21052845430808695,-0.2875139667973342,-0.19124448345925676,-0.2554286580982757,-0.6466820777769672,-2.33
2022-08-05,1.375349998474121,0.20382199002456478,1.4094300719181092,0.3086512666950529,0.010370529370818449,2.33,0.0,-0.39475525889280044,-0.25850595996671555,0.4887999134806395,-0.4171978029440592,0.611321415092367,-2.33
2022-08-08,1.3821200132369995,0.20442840583737434,1.4057364387914362,0.31034469005636817,0.010233604650486222,2.33,0.0,0.4910318760967311,0.29708054907434256,-0.26240971765727455,0.5471530363330374,-1.3291190583042507,-2.33
2022-08-09,1.378250002861023,0.20418821472769086,1.405488347825326,0.30926735921560955,0.010221373778499049,2.33,0.0,-0.2803981269908778,-0.1175630775936112,-0.017650026987189284,-0.34774402068765775,-0.11958823117106772,-2.33
2022-08-10,1.3782999515533447,0.2041411743668014,1.406988463966968,0.3095216551314124,0.010195506873041323,2.33,0.0,0.003624000519010562,-0.02304039941963598,0.10667581525365183,0.08219148182094528,-0.2533875741268171,-2.33
2022-08-11,1.3688000440597534,0.2036056537846344,1.4099712113281413,0.3072502957353739,0.010304901190927621,2.33,0.0,-0.6916344784238821,-0.26267323402943665,0.21177076136769793,-0.7365346822140768,1.0672505239794317,-2.33
2022-08-12,1.3696000576019287,0.20309628085960796,1.412978521645556,0.30826020864068027,0.010298209119660116,2.33,0.0,0.058429267837812444,-0.2504896819882161,0.21306163690654867,0.32815485825240254,-0.06496175967572695,-2.33
2022-08-15,1.3705999851226809,0.20329882515067466,1.4057434906959545,0.30856858680447835,0.010282996540304578,2.33,0.0,0.07298208521602155,0.09967851720729623,-0.5133565358304027,0.09998825987612145,-0.14782984415292963,-2.33
2022-08-16,1.378119945526123,0.20350265488881675,1.400442950510751,0.309203503239433,0.01035067476271136,2.33,0.0,0.5471622685921241,0.10021092114997207,-0.37777578932289163,0.2055504509626707,0.6560002252242131,-2.33
2022-08-17,1.378600001335144,0.20311165516819374,1.4021276845921449,0.30882614960316446,0.010266837025539953,2.33,0.0,0.03482804369882965,-0.19231976419310706,0.12022778396579423,-0.12211507374305382,-0.8132717480678175,-2.33
2022-08-18,1.3813999891281128,0.20374931400899998,1.4062913815923537,0.30934946296954385,0.010236838885974067,2.33,0.0,0.20289773646479511,0.31345319960001644,0.2965155806693025,0.1693090056433402,-0.292612515917029,-2.33
2022-08-19,1.3854999542236328,0.2042124810510181,1.397955667203405,0.3098166181583679,0.010202879140658068,2.33,0.0,0.2963582478754032,0.22706402738030063,-0.5945081724499999,0.15089821348638294,-0.33229202594479557,-2.33
2022-08-22,1.3920999765396118,0.204249008242104,1.3970035040505877,0.3111533267012397,0.010158273602932998,2.33,0.0,0.47523292785733773,0.017885255839654123,-0.0681343183432038,0.4305234475835877,-0.43814424109103023,-2.33
2022-08-23,1.3969999551773071,0.2040041432796835,1.3885436220498093,0.31165642641378893,0.01015660144144554,2.33,0.0,0.3513666629993637,-0.11995742880157358,-0.6074144596061445,0.16155810645591992,-0.016462434423858474,-2.33
2022-08-24,1.3926500082015991,0.2037944859493669,1.3880417133655953,0.3101463048865002,0.010185178346085353,2.33,0.0,-0.31186353545443013,-0.10282395955332913,-0.03615294536630119,-0.4857246262442263,0.28096777900288084,-2.33
2022-08-25,1.3935999870300293,0.2031931160246277,1.3892931481762218,0.3106207630415208,0.01016625244608593,2.33,0.0,0.06819049739736867,-0.2955226938057268,0.09011768171336652,0.15286192580807753,-0.18599090794645048,-2.33
2022-08-26,1.38919997215271,0.20285325937482201,1.3852106174553427,0.3107830061202639,0.010172593866137463,2.33,0.0,-0.3162295967067946,-0.16739798690914284,-0.2942892864581209,0.052218248578878905,0.06235771842388699,-2.33
2022-08-29,1.3972599506378174,0.20336204618299863,1.3886916934858817,0.31293614846305723,0.010160412356223477,2.33,0.0,0.578511888736224,0.2505011836196441,0.2509877759014249,0.6904232073166128,-0.11982007223300711,-2.33
2022-08-30,1.3952399492263794,0.2020037550494376,1.397195937848437,0.31147226392647714,0.01006695733839611,2.33,0.0,-0.14467336338056666,-0.6701582683932261,0.6105250393121134,-0.46888773103008696,-0.9240517598245697,-2.33
2022-08-31,1.3976000547409058,0.20223419267704307,1.401102798408374,0.3123826691754085,0.0100739553383932,2.33,0.0,0.16901119097211828,0.11401089574229713,0.27923130920963607,0.2918646136781287,0.0694903988810868,-2.33
2022-09-01,1.3986300230026243,0.20302661716181894,1.4040919209627558,0.3126478357816873,0.010040704473199024,2.33,0.0,0.07366835200700725,0.39106939306788,0.21311345448194635,0.08484917778711944,-0.3306135504461983,-2.33
2022-09-02,1.4015400409698486,0.20295996729154628,1.394858731571631,0.31294854875296724,0.010005212016472578,2.33,0.0,0.20784587709650326,-0.03283353363075416,-0.6597631776872529,0.09613642337911746,-0.3541119592406401,-2.33
2022-09-05,1.4033000469207764,0.2034062926191775,1.3905900443416928,0.31313176399311926,0.00998882495745608,2.33,0.0,0.12549779144432657,0.21966661661427445,-0.30649930514507967,0.05852771334669809,-0.16391949967029873,-2.33
2022-09-06,1.4021300077438354,0.2022370891138887,1.3954320127087458,0.31229231037683175,0.009984548037263044,2.33,0.0,-0.0834124695309914,-0.576470267152464,0.3475904456548246,-0.268443174732976,-0.042826219282392185,-2.33
2022-09-07,1.40693998336792,0.20234714616422164,1.392582369589064,0.31279233837839326,0.009828362873957634,2.33,0.0,0.34246069626072234,0.054405013073192295,-0.20442104819222523,0.15998732626467832,-1.5766325233947525,-2.33
2022-09-08,1.4050899744033811,0.20172712699060666,1.4044860539552317,0.31231161408474556,0.009748903170035315,2.33,0.0,-0.13157820216910296,-0.3068840069299062,0.8511594590708044,-0.15380622263598656,-0.811759313874456,-2.33
2022-09-09,1.403849959373474,0.20180406074836116,1.405536699740949,0.3123831714467275,0.009758716577513163,2.33,0.0,-0.08829061067116288,0.038130266519275896,0.07477845745510397,0.022909543653087023,0.10061102720528546,-2.33
2022-09-12,1.3980000019073486,0.2018626841164305,1.4079826116698086,0.31097763866595063,0.009803922060388194,2.33,0.0,-0.4175788173914313,0.029045428798513486,0.17386854500063503,-0.4509539707590945,0.4621622284725095,-2.33
2022-09-13,1.395300030708313,0.20148736350579757,1.41337723763435,0.3099977900859186,0.009785741592791273,2.33,0.0,-0.19331772515411585,-0.18610173528863233,0.38241364639323744,-0.31558394998667716,-0.18561291442699768,-2.33
2022-09-14,1.4055999517440796,0.20300110737014054,1.4030744788083211,0.3121821063588842,0.009733801584555913,2.33,0.0,0.7354755635141678,0.7484766762018624,-0.7316159351467785,0.7021523066444795,-0.5321859261897275,-2.33
2022-09-15,1.405400037765503,0.20189628569128887,1.4031549616806416,0.31061997368621846,0.009833266842660764,2.33,0.0,-0.014223691188880276,-0.5457305676863324,0.0057360151084710825,-0.5016476337003134,1.0166685440198098,-2.33
2022-09-16,1.4091999530792236,0.20151579392670524,1.4075530658078177,0.3109100978071171,0.00982945557900751,2.33,0.0,0.2700147541236152,-0.18863682900717846,0.3129537236703017,0.0933580385816493,-0.038766388694843106,-2.33
2022-09-19,1.4055999517440796,0.2014042030813833,1.4087413773411868,0.3101158338243731,0.009845550084077516,2.33,0.0,-0.2557910629347272,-0.055391069693104845,0.08438830725103641,-0.2557910629347272,0.1636035987537253,-2.33
2022-09-20,1.407420039176941,0.20089928686789263,1.4115842777934517,0.30949312762070375,0.009826773412113,2.33,0.0,0.12940453268882976,-0.2510127260722521,0.20160093285357525,-0.20099980861032923,-0.1908943564302662,-2.33
2022-09-21,1.4101699590682983,0.20095906635811644,1.4060502010361091,0.3095192903960124,0.009819987952259784,2.33,0.0,0.19519665857767285,0.029751523234419087,-0.39281772813952326,0.008453069619525407,-0.06907459196116197,-2.33
2022-09-22,1.4184000492095947,0.2012514378724751,1.3943886725201509,0.3117362614836531,0.009828432783602013,3.08,0.0,0.5819274999371137,0.14538236211129268,-0.8328405973729401,0.7137096776441113,0.08595939567609867,-2.33
2022-09-23,1.4179400205612185,0.20037023508180812,1.39547284439648,0.3106111725712825,0.009965842231701948,3.08,0.0,-0.03243818731843356,-0.43882303375848686,0.07772227577116962,-0.3615633572109865,1.388397961495091,-3.08
2022-09-26,1.4300800561904907,0.2006454067342595,1.38573655265143,0.3125174802075075,0.009964950703269925,3.08,0.0,0.8525297456388449,0.1372373877456099,-0.7001509148517107,0.6118523277068342,-0.0089462414819812,-3.08
2022-09-27,1.4362599849700928,0.2009317337007141,1.3822152885155958,0.31379941898170216,0.009942336501090865,3.08,0.0,0.4312076213328151,0.14260125198621265,-0.25443116336380633,0.4093584465054977,-0.22719531470416027,-3.08
2022-09-28,1.4386800527572632,0.20046261537562024,1.3805849501620602,0.312179679194183,0.009943120925309643,3.08,0.0,0.1683560927899399,-0.23374446589234818,-0.1180207327299189,-0.517507184230764,0.00788942594947897,-3.08
2022-09-29,1.4364399909973145,0.19953327053663622,1.3945206619362691,0.31038030650080123,0.009947783492740931,3.08,0.0,-0.15582390850595026,-0.4646780349297796,1.0043458422451117,-0.5780576154063589,0.04688140286325635,-3.08
2022-09-30,1.431249976158142,0.20090820882949625,1.4068551432679754,0.3090918962703826,0.009909576050691832,3.08,0.0,-0.36196524486224313,0.6867139229756433,0.8806073799255989,-0.4159709128041431,-0.384819432970547,-3.08
2022-10-03,1.4355000257492063,0.20175686183101718,1.4057404578056418,0.3097421550282012,0.009912579291105223,3.08,0.0,0.2965066854083294,0.4215186863298408,-0.07926383162007794,0.21015617863293176,0.030301855520601738,-3.08
2022-10-04,1.4306000471115112,0.20107099531419653,1.406575791926784,0.30795393191765413,0.009899044934605415,3.08,0.0,-0.34192688929879106,-0.3405261912350891,0.059405420410124504,-0.578999331237035,-0.13663047967289985,-3.08
2022-10-05,1.4228299856185913,0.19997611122831915,1.4205996390705238,0.3068097130216496,0.00989540055952182,3.08,0.0,-0.5446133677032289,-0.5460140657669319,0.9920829115902925,-0.3722471966879762,-0.03682219970095548,-3.08
2022-10-06,1.4223999977111816,0.1999156772267391,1.4097404870236971,0.30728017720335277,0.009847073688469262,3.08,0.0,-0.030225177803024597,-0.030225177803024597,-0.7673427818974917,0.1532232597330762,-0.4895735658181091,-3.08
2022-10-07,1.4290000200271606,0.20084329810211432,1.3988546148486094,0.30830635371336274,0.00985252246357707,3.08,0.0,0.46293287941593947,0.46293287941593947,-0.7751866176849541,0.33339828245279995,0.055318649222070505,-3.08
2022-10-10,1.4342999458312988,0.20158819282799362,1.3962928117264541,0.30861752212124255,0.009858951614527243,3.08,0.0,0.37019745888448846,0.37019745888448846,-0.1833036651382726,0.10087741663316527,0.06523257624143522,-3.08
2022-10-11,1.4371099472045898,0.20089324309848958,1.395442004558561,0.3091889028251372,0.00986524696888233,3.08,0.0,0.19572282432674,-0.3453329063679019,-0.06095186328376694,0.18497083996994895,0.06383381856790876,-3.08
2022-10-12,1.43858003616333,0.2007956026940993,1.3954467708771574,0.3079811678416774,0.00986206954355225,3.08,0.0,0.10224252929254402,-0.048614945292130105,0.0003415627765805554,-0.39137883786296784,-0.03221345747206979,-3.08
2022-10-13,1.4347100257873535,0.1999846728300589,1.3928142445955416,0.3065619825667106,0.009777425124961577,3.08,0.0,-0.26937849174678213,-0.40467608823660856,-0.18882931326943211,-0.4618675830593372,-0.8619869719045837,-3.08
2022-10-14,1.4310400485992432,0.19960109822526387,1.3954558283355993,0.3051258062131779,0.009715601255423964,3.08,0.0,-0.25612695448893213,-0.19198617688470934,0.1894783834623246,-0.46957909538282855,-0.6343199421926569,-3.08
2022-10-17,1.4253900051116943,0.19824617437662828,1.3882407094559,0.30330673043029693,0.009590061149827626,3.08,0.0,-0.3956022552597735,-0.6811302629343959,-0.5183851715865745,-0.5979565830033984,-1.300570501351739,-3.08
2022-10-18,1.4208999872207642,0.19747064242368337,1.3990744584615984,0.30138933124763634,0.009538098378791356,3.08,0.0,-0.31549994044899743,-0.39196360272255965,0.7773648051673019,-0.6341716873098063,-0.5433131063359473,-3.08
2022-10-19,1.4198700189590454,0.1971877329560983,1.400542533653393,0.3011389126211864,0.009515981089906787,3.08,0.0,-0.07251331889659625,-0.1433693207561102,0.1048768692640922,-0.08312262318546965,-0.23215289780148635,-3.08
2022-10-20,1.4257899522781372,0.1972783638863933,1.3924952918211417,0.30220219836284556,0.009516622906068022,3.08,0.0,0.4160681120762774,0.04595118952691635,-0.5762373875641147,0.3524662328124624,0.00674438622916714,-3.08
2022-10-21,1.4248499870300293,0.19746251626204542,1.3933464897609442,0.30142794917261134,0.009487867806266533,3.08,0.0,-0.0659476680455655,0.09330292263737322,0.06110885204741096,-0.2565311285378994,-0.30261396825129194,-3.08
2022-10-24,1.416700005531311,0.19560114312402327,1.3968783671141625,0.2991658848604626,0.009584018314232019,3.08,0.0,-0.5736308611940863,-0.9471173474331929,0.25316090427949034,-0.753279464528354,1.0083042859399114,-3.08
2022-10-25,1.4210799932479858,0.19568983370748033,1.4049511928561742,0.30009081102395585,0.009544688630737637,3.08,0.0,0.3086913852833702,0.045332292451033554,0.5762554722733897,0.3086913852833702,-0.41121168334031805,-3.08
2022-10-26,1.416759967803955,0.19397573143200847,1.411621545119232,0.2993681869971421,0.009573996544860667,3.08,0.0,-0.3044589434477781,-0.8797869173587634,0.47365116076303987,-0.24109217785464482,0.306589462727189,-3.08
2022-10-27,1.4034099578857422,0.1956817576787679,1.4163125975348976,0.29790065126583515,0.00960358254817408,3.08,0.0,-0.9467592371513012,0.8756598785591463,0.3317656269087331,-0.4914164579115897,0.30854808776351644,-3.08
2022-10-28,1.4096499681472778,0.1950289797371092,1.4051114527774187,0.2990982435333827,0.009637050659368825,3.08,0.0,0.44364646757473725,-0.334149275426968,-0.794010641857406,0.40120472061259943,0.3478902652365595,-3.08
2022-10-31,1.411829948425293,0.19469756869206395,1.4054770899834352,0.2991165277928894,0.009551524789855112,3.08,0.0,0.15452746617146404,-0.1700736715345852,0.026018551098205122,0.0061129415015432915,-0.8914308005605742,-3.08
2022-11-01,1.415079951286316,0.19379878866196165,1.3989915841681861,0.29980508775167936,0.009513974034247101,3.08,0.0,0.22993334829905548,-0.4626975860028999,-0.46251309108405236,0.22993334829905548,-0.39391368156761086,-3.08
2022-11-02,1.4146000146865845,0.19440398499725034,1.3973290813321881,0.29881705811832854,0.009563601250010703,3.08,0.0,-0.033921617292757646,0.31179417904296364,-0.11890646537001019,-0.3301015631834255,0.5202687130451603,-3.08
2022-11-03,1.4178999662399292,0.19453399729102958,1.3915850214667245,0.2993876579321699,0.009587401499909722,3.83,0.0,0.23300639495663797,0.06685502807251241,-0.41192147020689673,0.19077080858194947,0.24855369155087817,-3.08
2022-11-04,1.421820044517517,0.19474853089830785,1.3862219493675454,0.2998355153174632,0.009581449212932249,3.83,0.0,0.2760892449123661,0.11022001423741005,-0.3861376128150943,0.1494793554981746,-0.062103745894332305,-3.83
2022-11-07,1.4082200527191162,0.19626487187879532,1.398195018159356,0.2967485042003972,0.009590100993186173,3.83,0.0,-0.9611239433794246,0.7755992869067805,0.8600107474716739,-1.0349049147548008,0.09025645551074184,-3.83
2022-11-08,1.401360034942627,0.19385791138881464,1.4039714407999782,0.2953029204579767,0.009557508338406623,3.83,0.0,-0.48833143707433724,-1.2339658870983943,0.41228320354276754,-0.48833143707434834,-0.3404360898877552,-3.83
2022-11-09,1.3979500532150269,0.19286858321233463,1.4092521634827904,0.2952999561438763,0.009621460276213543,3.83,0.0,-0.24363027366693624,-0.5116434216437747,0.3754219093747875,-0.0010038265026728963,0.6668989987515997,-3.83
2022-11-10,1.4013999700546265,0.19354214847253134,1.4041380817305082,0.29883783204471887,0.009584909092906217,3.83,0.0,0.24647997267299698,0.34862693356011065,-0.3635533601327749,1.1909418276612822,-0.38061568775182525,-3.83
2022-11-11,1.3834600448608398,0.19252424945711408,1.4100536027233377,0.2944785139082581,0.009760961434882183,3.83,0.0,-1.2884075511935857,-0.5273193313713328,0.4204070204729669,-1.4695015949292634,1.8201011101329507,-3.83
2022-11-14,1.3744499683380127,0.1933911112014631,1.419607732453784,0.2971783715325433,0.009848946490963831,3.83,0.0,-0.6534012013095728,0.4492504267408022,0.6752868916378404,0.9126493515437968,0.8973590985986796,-3.83
2022-11-15,1.372849941253662,0.19410001222953283,1.4166820525844057,0.2989330165563461,0.009798022249091948,3.83,0.0,-0.11647998528800296,0.36589319139857984,-0.20630338426483383,0.5886987319368754,-0.5183940239046351,-3.83
2022-11-16,1.3702000379562378,0.19454777721312894,1.41923455130987,0.3003178165383535,0.009860037232862754,3.83,0.0,-0.1932085920299941,0.23042209109338493,0.18001230439766724,0.462177896322985,0.6309390767089345,-3.83
2022-11-17,1.3699699640274048,0.19330199968566103,1.4240852448117918,0.3015894239460744,0.009833119699763663,3.83,0.0,-0.016792675579043497,-0.6424042946158485,0.3411996226667414,0.422526666573393,-0.2733695765923041,-3.83
2022-11-18,1.3750699758529663,0.19215086063837222,1.4248101989594488,0.30212685630494107,0.009793108500331611,3.83,0.0,0.3715805820924697,-0.5972935152957787,0.05089370091767121,0.17804141395999007,-0.40773249403694006,-3.83
2022-11-21,1.3750100135803225,0.1931492292229803,1.4205089246689797,0.30211368154783863,0.009803782842003604,3.83,0.0,-0.004360765714723695,0.5182302549354965,-0.30234060785938294,-0.004360765714712592,0.10893914285888037,-3.83
2022-11-22,1.3812999725341797,0.19280589674833284,1.4152373439835628,0.30182453642654594,0.009720755411925968,3.83,0.0,0.4564051143852452,-0.17791320394889937,-0.37179537648981337,-0.09575321937889861,-0.8504982753268923,-3.83
2022-11-23,1.377940058708191,0.19300772959372628,1.4208058693218675,0.301683639667923,0.00976189345488693,3.83,0.0,-0.2435391954755537,0.10462713083461726,0.3926972951787895,-0.04669257742109893,0.4223050405588077,-3.83
2022-11-24,1.3763200044631958,0.1920678760630651,1.4336070591686225,0.30103237017164575,0.009881819136327866,3.83,0.0,-0.11763990289025315,-0.48814070956472433,0.8969463066489417,-0.21611164764845495,1.2210234786865757,-3.83
2022-11-25,1.3754600286483765,0.19236396006579676,1.4315928651890175,0.3061680759500523,0.009923739458342315,3.83,0.0,-0.06250324026400252,0.1540372224410525,-0.1405971216374269,1.691641790552994,0.4233193869773806,-3.83
2022-11-28,1.3787200450897217,0.19227670082010276,1.429391894757913,0.30792184407281026,0.009911718077594504,3.83,0.0,0.23673237599226538,-0.04537182677981242,-0.15386106882624573,0.5711778791815862,-0.12121104035902254,-3.83
2022-11-29,1.3790500164031982,0.1913460383168775,1.4267018815046129,0.30816760799829085,0.009941320761057422,3.83,0.0,0.023930299313835963,-0.4851976872372534,-0.18837014884305764,0.07978190105038475,0.29821837999301953,-3.83
2022-11-30,1.3753399848937988,0.1921026884280705,1.419969713364594,0.3052038242630256,0.009912717815386078,3.83,0.0,-0.26939059111698493,0.39465568171485965,-0.4729861149365789,-0.9663987090508039,-0.28813246584325425,-3.83
2022-12-01,1.3593000173568726,0.19209462928475032,1.4171184202543685,0.3037338429626321,0.00989596663765076,3.83,0.0,-1.1731088167289496,-0.004195314724900471,-0.20100144485545665,-0.48280283350213155,-0.1691296740888863,-3.83
2022-12-02,1.3531999588012695,0.19211492779102757,1.424705940739841,0.30737079202730466,0.010012578763693677,3.83,0.0,-0.4497746649038948,0.010566372398759356,0.5339906729777228,1.190300906609473,1.1714915111636854,-3.83
2022-12-05,1.3503299951553345,0.19224789490098768,1.423813014205507,0.30790788034437094,0.010041494209830212,3.83,0.0,-0.21231240436615845,0.0691883332176322,-0.06269409315540998,0.17458380327540965,0.28837499707062547,-3.83
2022-12-06,1.3560999631881714,0.19481676167355058,1.4234878146237122,0.31060465155393646,0.009923748168050806,3.83,0.0,0.4263902531054773,1.3273774532836458,-0.0228426571520744,0.8720238182987776,-1.1795239415784746,-3.83
2022-12-07,1.3587100505828855,0.19424294937294165,1.4224350558222623,0.30932500265964946,0.009925850962343944,3.83,0.0,0.19228514597164612,-0.2949741134212336,-0.07398365292343032,-0.412837393101125,0.021187272218349124,-3.83
2022-12-08,1.3551700115203855,0.1943564832031946,1.4247251938343195,0.30834357620058533,0.009936648391422335,3.83,0.0,-0.2608841208379652,0.05843232077342472,0.16087176731513964,-0.3177844295729359,0.10872176708142305,-3.83
2022-12-09,1.3526999950408936,0.19417768298334154,1.428405390771843,0.3077465450326057,0.009901620703250872,3.83,0.0,-0.1824324770803628,-0.09203835751685872,0.25797620329109966,-0.19381299400569932,-0.3531328706624971,-3.83
2022-12-12,1.35371994972229,0.19459504828553584,1.4244136084240608,0.3075937156741715,0.00990198295775305,3.83,0.0,0.07537298353547911,0.21470922673517795,-0.279848455443491,-0.04967312276986297,0.0036584705331367757,-3.83
2022-12-13,1.3544299602508545,0.19414175497534958,1.427804776293783,0.3068138832678503,0.009850113319570121,3.83,0.0,0.05243509912190756,-0.23321358401552375,0.2377917122921336,-0.2538486914642609,-0.5252076203653324,-3.83
2022-12-14,1.3467899560928345,0.19396692892458914,1.4311870110236526,0.3042905377561613,0.009933251414108595,3.83,0.0,-0.5656721605058679,-0.09009129135086755,0.2366034294130528,-0.8258359016817062,0.8404898264717668,-3.83
2022-12-15,1.3476300239562988,0.19390638639582566,1.4387765786673867,0.30711714230665954,0.009956777730340365,4.33,0.0,0.06235612093919244,-0.031217682095573584,0.5288976740385315,0.9246284535617482,0.23656402946938215,-3.83
2022-12-16,1.360419988632202,0.19512062259523694,1.4475632664598945,0.3082057041347528,0.009875934974771948,4.33,0.0,0.9445955367269018,0.6242446485150217,0.6088482581557069,0.353818477570949,-0.8152510907329803,-4.33
2022-12-19,1.3588099479675293,0.19489249876535003,1.4383050974004732,0.3072840273783467,0.009940814424595528,4.33,0.0,-0.11841888257769244,-0.11698265694579013,-0.6416232241955032,-0.2994940120505062,0.6547964081219066,-4.33
2022-12-20,1.356289982795715,0.1943498664348964,1.439645487895049,0.306644817109819,0.00990028855897637,4.33,0.0,-0.18562601448655203,-0.278814810766716,0.09314896498520867,-0.2082360212413549,-0.4085047288888593,-4.33
2022-12-21,1.3510799407958984,0.19409836622583482,1.4357917315555824,0.3049153396170517,0.010243835549559134,4.33,0.0,-0.38487894733974354,-0.1294897095970757,-0.2680467944704333,-0.5655967231465696,3.4112210778775296,-4.33
2022-12-22,1.3507000207901,0.19349340228161319,1.4331034959602107,0.304623368548019,0.010203974243515851,4.33,0.0,-0.028123682439297453,-0.3121657809295519,-0.18740568539174923,-0.09580067268966931,-0.3898838745154261,-4.33
2022-12-23,1.3514000177383425,0.1935271453712174,1.4329340532991355,0.30560833078308486,0.010210265211349866,4.33,0.0,0.051811328516364566,0.01743736341357618,-0.011824175947480626,0.3228161013283529,0.06163313648855135,-4.33
2022-12-26,1.351699948310852,0.1934122175988236,1.4419670763664243,0.3056415845117689,0.010179230489139646,4.33,0.0,0.02219160057026566,-0.059403506994617626,0.6284078920118076,0.010880567141134095,-0.30441896781459216,-4.33
2022-12-27,1.3467999696731567,0.19347237886674118,1.4330250443592973,0.30453361877072516,0.010144315423588714,4.33,0.0,-0.3631635480462309,0.031100368922470062,-0.6220581112164923,-0.36316354804624207,-0.34359259993566893,-4.33
2022-12-28,1.347599983215332,0.19364850722700525,1.4334645396982069,0.3048868687679434,0.0100954411670232,4.33,0.0,0.0593834307952198,0.09099399115040988,0.030664359975181688,0.1159298198877864,-0.48295394604942354,-4.33
2022-12-29,1.349239945411682,0.19336733640910242,1.4341410043412848,0.30525790093265887,0.010066400911845694,4.33,0.0,0.12162104106289541,-0.14530199318458645,0.04717975643699559,0.12162104106289541,-0.2880716468913441,-4.33
2022-12-30,1.3435200452804563,0.1929485507419563,1.4322935689327776,0.3039638059026829,0.010108038472259037,4.33,0.0,-0.42483613496917605,-0.2168100485237125,-0.12890129651194174,-0.42483613496916495,0.4127759759799747,-4.33
2023-01-02,1.3373199701309204,0.1939015986617116,1.4322341103526242,0.30376375327206134,0.01022064242160228,4.33,0.0,-0.46254801988492117,0.4927230088272688,-0.004151370614560652,-0.06583628957658359,1.1078446418066878,-4.33
2023-01-03,1.3411999940872192,0.19445854048463015,1.432095042018716,0.30464507611631336,0.010254292467517589,4.33,0.0,0.289714224424273,0.28681738859497136,-0.00971035985178465,0.289714224424273,0.32869531838771193,-4.33
